start	end	type	var
5538086	5538087	IS_AST_PARENT	
5538086	5538088	IS_AST_PARENT	
5538085	5538086	IS_AST_PARENT	
5538089	5538090	IS_AST_PARENT	
5538089	5538091	IS_AST_PARENT	
5538085	5538089	IS_AST_PARENT	
5538092	5538093	IS_AST_PARENT	
5538092	5538094	IS_AST_PARENT	
5538085	5538092	IS_AST_PARENT	
5538084	5538085	IS_AST_PARENT	
5538096	5538097	IS_AST_PARENT	
5538096	5538098	IS_AST_PARENT	
5538099	5538100	IS_AST_PARENT	
5538102	5538103	IS_AST_PARENT	
5538102	5538104	IS_AST_PARENT	
5538101	5538102	IS_AST_PARENT	
5538105	5538106	IS_AST_PARENT	
5538105	5538107	IS_AST_PARENT	
5538101	5538105	IS_AST_PARENT	
5538108	5538109	IS_AST_PARENT	
5538108	5538110	IS_AST_PARENT	
5538101	5538108	IS_AST_PARENT	
5538111	5538112	IS_AST_PARENT	
5538111	5538113	IS_AST_PARENT	
5538101	5538111	IS_AST_PARENT	
5538114	5538115	IS_AST_PARENT	
5538114	5538116	IS_AST_PARENT	
5538101	5538114	IS_AST_PARENT	
5538117	5538118	IS_AST_PARENT	
5538117	5538119	IS_AST_PARENT	
5538101	5538117	IS_AST_PARENT	
5538120	5538121	IS_AST_PARENT	
5538120	5538122	IS_AST_PARENT	
5538101	5538120	IS_AST_PARENT	
5538123	5538124	IS_AST_PARENT	
5538123	5538125	IS_AST_PARENT	
5538101	5538123	IS_AST_PARENT	
5538126	5538127	IS_AST_PARENT	
5538126	5538128	IS_AST_PARENT	
5538101	5538126	IS_AST_PARENT	
5538129	5538130	IS_AST_PARENT	
5538129	5538131	IS_AST_PARENT	
5538101	5538129	IS_AST_PARENT	
5538132	5538133	IS_AST_PARENT	
5538132	5538134	IS_AST_PARENT	
5538101	5538132	IS_AST_PARENT	
5538135	5538136	IS_AST_PARENT	
5538135	5538137	IS_AST_PARENT	
5538101	5538135	IS_AST_PARENT	
5538138	5538139	IS_AST_PARENT	
5538138	5538140	IS_AST_PARENT	
5538101	5538138	IS_AST_PARENT	
5538141	5538142	IS_AST_PARENT	
5538141	5538143	IS_AST_PARENT	
5538101	5538141	IS_AST_PARENT	
5538144	5538145	IS_AST_PARENT	
5538144	5538146	IS_AST_PARENT	
5538101	5538144	IS_AST_PARENT	
5538147	5538148	IS_AST_PARENT	
5538147	5538149	IS_AST_PARENT	
5538101	5538147	IS_AST_PARENT	
5538150	5538151	IS_AST_PARENT	
5538101	5538150	IS_AST_PARENT	
5538099	5538101	IS_AST_PARENT	
5538096	5538099	IS_AST_PARENT	
5538095	5538096	IS_AST_PARENT	
5538084	5538095	IS_AST_PARENT	
5538154	5538155	IS_AST_PARENT	
5538154	5538156	IS_AST_PARENT	
5538153	5538154	IS_AST_PARENT	
5538152	5538153	IS_AST_PARENT	
5538160	5538161	IS_AST_PARENT	
5538160	5538162	IS_AST_PARENT	
5538159	5538160	IS_AST_PARENT	
5538159	5538163	IS_AST_PARENT	
5538158	5538159	IS_AST_PARENT	
5538158	5538164	IS_AST_PARENT	
5538157	5538158	IS_AST_PARENT	
5538152	5538157	IS_AST_PARENT	
5538165	5538166	IS_AST_PARENT	
5538165	5538167	IS_AST_PARENT	
5538152	5538165	IS_AST_PARENT	
5538171	5538172	IS_AST_PARENT	
5538174	5538175	IS_AST_PARENT	
5538173	5538174	IS_AST_PARENT	
5538179	5538180	IS_AST_PARENT	
5538179	5538181	IS_AST_PARENT	
5538178	5538179	IS_AST_PARENT	
5538178	5538182	IS_AST_PARENT	
5538177	5538178	IS_AST_PARENT	
5538176	5538177	IS_AST_PARENT	
5538184	5538185	IS_AST_PARENT	
5538184	5538186	IS_AST_PARENT	
5538183	5538184	IS_AST_PARENT	
5538176	5538183	IS_AST_PARENT	
5538173	5538176	IS_AST_PARENT	
5538171	5538173	IS_AST_PARENT	
5538170	5538171	IS_AST_PARENT	
5538169	5538170	IS_AST_PARENT	
5538190	5538191	IS_AST_PARENT	
5538190	5538192	IS_AST_PARENT	
5538189	5538190	IS_AST_PARENT	
5538188	5538189	IS_AST_PARENT	
5538196	5538197	IS_AST_PARENT	
5538198	5538199	IS_AST_PARENT	
5538198	5538200	IS_AST_PARENT	
5538196	5538198	IS_AST_PARENT	
5538195	5538196	IS_AST_PARENT	
5538194	5538195	IS_AST_PARENT	
5538205	5538206	IS_AST_PARENT	
5538205	5538207	IS_AST_PARENT	
5538204	5538205	IS_AST_PARENT	
5538204	5538208	IS_AST_PARENT	
5538203	5538204	IS_AST_PARENT	
5538203	5538209	IS_AST_PARENT	
5538202	5538203	IS_AST_PARENT	
5538202	5538210	IS_AST_PARENT	
5538201	5538202	IS_AST_PARENT	
5538194	5538201	IS_AST_PARENT	
5538212	5538213	IS_AST_PARENT	
5538212	5538214	IS_AST_PARENT	
5538211	5538212	IS_AST_PARENT	
5538215	5538216	IS_AST_PARENT	
5538215	5538217	IS_AST_PARENT	
5538211	5538215	IS_AST_PARENT	
5538194	5538211	IS_AST_PARENT	
5538225	5538226	IS_AST_PARENT	
5538225	5538227	IS_AST_PARENT	
5538224	5538225	IS_AST_PARENT	
5538224	5538228	IS_AST_PARENT	
5538223	5538224	IS_AST_PARENT	
5538223	5538229	IS_AST_PARENT	
5538222	5538223	IS_AST_PARENT	
5538222	5538230	IS_AST_PARENT	
5538221	5538222	IS_AST_PARENT	
5538234	5538235	IS_AST_PARENT	
5538234	5538236	IS_AST_PARENT	
5538233	5538234	IS_AST_PARENT	
5538233	5538237	IS_AST_PARENT	
5538232	5538233	IS_AST_PARENT	
5538232	5538238	IS_AST_PARENT	
5538231	5538232	IS_AST_PARENT	
5538231	5538239	IS_AST_PARENT	
5538221	5538231	IS_AST_PARENT	
5538220	5538221	IS_AST_PARENT	
5538219	5538220	IS_AST_PARENT	
5538242	5538243	IS_AST_PARENT	
5538242	5538244	IS_AST_PARENT	
5538245	5538246	IS_AST_PARENT	
5538247	5538248	IS_AST_PARENT	
5538252	5538253	IS_AST_PARENT	
5538252	5538254	IS_AST_PARENT	
5538251	5538252	IS_AST_PARENT	
5538251	5538255	IS_AST_PARENT	
5538250	5538251	IS_AST_PARENT	
5538250	5538256	IS_AST_PARENT	
5538249	5538250	IS_AST_PARENT	
5538249	5538257	IS_AST_PARENT	
5538247	5538249	IS_AST_PARENT	
5538245	5538247	IS_AST_PARENT	
5538242	5538245	IS_AST_PARENT	
5538241	5538242	IS_AST_PARENT	
5538240	5538241	IS_AST_PARENT	
5538260	5538261	IS_AST_PARENT	
5538260	5538262	IS_AST_PARENT	
5538259	5538260	IS_AST_PARENT	
5538258	5538259	IS_AST_PARENT	
5538266	5538267	IS_AST_PARENT	
5538265	5538266	IS_AST_PARENT	
5538270	5538271	IS_AST_PARENT	
5538270	5538272	IS_AST_PARENT	
5538269	5538270	IS_AST_PARENT	
5538268	5538269	IS_AST_PARENT	
5538273	5538274	IS_AST_PARENT	
5538268	5538273	IS_AST_PARENT	
5538265	5538268	IS_AST_PARENT	
5538264	5538265	IS_AST_PARENT	
5538263	5538264	IS_AST_PARENT	
5538276	5538277	IS_AST_PARENT	
5538280	5538281	IS_AST_PARENT	
5538279	5538280	IS_AST_PARENT	
5538283	5538284	IS_AST_PARENT	
5538282	5538283	IS_AST_PARENT	
5538279	5538282	IS_AST_PARENT	
5538278	5538279	IS_AST_PARENT	
5538278	5538285	IS_AST_PARENT	
5538276	5538278	IS_AST_PARENT	
5538275	5538276	IS_AST_PARENT	
5538263	5538275	IS_AST_PARENT	
5538258	5538263	IS_AST_PARENT	
5538240	5538258	IS_AST_PARENT	
5538219	5538240	IS_AST_PARENT	
5538290	5538291	IS_AST_PARENT	
5538290	5538292	IS_AST_PARENT	
5538289	5538290	IS_AST_PARENT	
5538295	5538296	IS_AST_PARENT	
5538295	5538297	IS_AST_PARENT	
5538294	5538295	IS_AST_PARENT	
5538294	5538298	IS_AST_PARENT	
5538293	5538294	IS_AST_PARENT	
5538293	5538299	IS_AST_PARENT	
5538289	5538293	IS_AST_PARENT	
5538288	5538289	IS_AST_PARENT	
5538287	5538288	IS_AST_PARENT	
5538286	5538287	IS_AST_PARENT	
5538219	5538286	IS_AST_PARENT	
5538218	5538219	IS_AST_PARENT	
5538194	5538218	IS_AST_PARENT	
5538193	5538194	IS_AST_PARENT	
5538302	5538303	IS_AST_PARENT	
5538302	5538304	IS_AST_PARENT	
5538301	5538302	IS_AST_PARENT	
5538301	5538305	IS_AST_PARENT	
5538300	5538301	IS_AST_PARENT	
5538193	5538300	IS_AST_PARENT	
5538188	5538193	IS_AST_PARENT	
5538187	5538188	IS_AST_PARENT	
5538306	5538307	IS_AST_PARENT	
5538187	5538306	IS_AST_PARENT	
5538169	5538187	IS_AST_PARENT	
5538168	5538169	IS_AST_PARENT	
5538152	5538168	IS_AST_PARENT	
5538084	5538152	IS_AST_PARENT	
5538310	5538311	IS_AST_PARENT	
5538310	5538312	IS_AST_PARENT	
5538309	5538310	IS_AST_PARENT	
5538308	5538309	IS_AST_PARENT	
5538316	5538317	IS_AST_PARENT	
5538316	5538318	IS_AST_PARENT	
5538315	5538316	IS_AST_PARENT	
5538315	5538319	IS_AST_PARENT	
5538314	5538315	IS_AST_PARENT	
5538313	5538314	IS_AST_PARENT	
5538322	5538323	IS_AST_PARENT	
5538322	5538324	IS_AST_PARENT	
5538321	5538322	IS_AST_PARENT	
5538320	5538321	IS_AST_PARENT	
5538326	5538327	IS_AST_PARENT	
5538326	5538328	IS_AST_PARENT	
5538325	5538326	IS_AST_PARENT	
5538320	5538325	IS_AST_PARENT	
5538329	5538330	IS_AST_PARENT	
5538329	5538331	IS_AST_PARENT	
5538320	5538329	IS_AST_PARENT	
5538335	5538336	IS_AST_PARENT	
5538334	5538335	IS_AST_PARENT	
5538338	5538339	IS_AST_PARENT	
5538337	5538338	IS_AST_PARENT	
5538341	5538342	IS_AST_PARENT	
5538341	5538343	IS_AST_PARENT	
5538340	5538341	IS_AST_PARENT	
5538337	5538340	IS_AST_PARENT	
5538334	5538337	IS_AST_PARENT	
5538333	5538334	IS_AST_PARENT	
5538332	5538333	IS_AST_PARENT	
5538346	5538347	IS_AST_PARENT	
5538345	5538346	IS_AST_PARENT	
5538349	5538350	IS_AST_PARENT	
5538348	5538349	IS_AST_PARENT	
5538355	5538356	IS_AST_PARENT	
5538355	5538357	IS_AST_PARENT	
5538354	5538355	IS_AST_PARENT	
5538358	5538359	IS_AST_PARENT	
5538360	5538361	IS_AST_PARENT	
5538360	5538362	IS_AST_PARENT	
5538358	5538360	IS_AST_PARENT	
5538354	5538358	IS_AST_PARENT	
5538353	5538354	IS_AST_PARENT	
5538352	5538353	IS_AST_PARENT	
5538352	5538363	IS_AST_PARENT	
5538352	5538364	IS_AST_PARENT	
5538351	5538352	IS_AST_PARENT	
5538348	5538351	IS_AST_PARENT	
5538345	5538348	IS_AST_PARENT	
5538344	5538345	IS_AST_PARENT	
5538332	5538344	IS_AST_PARENT	
5538320	5538332	IS_AST_PARENT	
5538313	5538320	IS_AST_PARENT	
5538308	5538313	IS_AST_PARENT	
5538084	5538308	IS_AST_PARENT	
5538365	5538366	IS_AST_PARENT	
5538084	5538365	IS_AST_PARENT	
5538083	5538084	IS_AST_PARENT	
5538083	5538367	IS_AST_PARENT	
5538083	5538368	IS_AST_PARENT	
5538370	5538371	IS_AST_PARENT	
5538370	5538372	IS_AST_PARENT	
5538369	5538370	IS_AST_PARENT	
5538373	5538374	IS_AST_PARENT	
5538373	5538375	IS_AST_PARENT	
5538369	5538373	IS_AST_PARENT	
5538376	5538377	IS_AST_PARENT	
5538376	5538378	IS_AST_PARENT	
5538369	5538376	IS_AST_PARENT	
5538083	5538369	IS_AST_PARENT	
5538379	5538370	FLOWS_TO	
5538370	5538373	FLOWS_TO	
5538373	5538376	FLOWS_TO	
5538376	5538085	FLOWS_TO	
5538085	5538095	FLOWS_TO	
5538095	5538153	FLOWS_TO	
5538157	5538170	FLOWS_TO	
5538157	5538309	FLOWS_TO	
5538153	5538157	FLOWS_TO	
5538165	5538157	FLOWS_TO	
5538170	5538189	FLOWS_TO	
5538170	5538165	FLOWS_TO	
5538189	5538195	FLOWS_TO	
5538189	5538306	FLOWS_TO	
5538201	5538220	FLOWS_TO	
5538201	5538300	FLOWS_TO	
5538195	5538201	FLOWS_TO	
5538211	5538201	FLOWS_TO	
5538220	5538241	FLOWS_TO	
5538220	5538288	FLOWS_TO	
5538241	5538259	FLOWS_TO	
5538259	5538264	FLOWS_TO	
5538259	5538211	FLOWS_TO	
5538264	5538275	FLOWS_TO	
5538275	5538211	FLOWS_TO	
5538288	5538211	FLOWS_TO	
5538300	5538306	FLOWS_TO	
5538306	5538380	FLOWS_TO	
5538309	5538314	FLOWS_TO	
5538309	5538365	FLOWS_TO	
5538314	5538321	FLOWS_TO	
5538325	5538333	FLOWS_TO	
5538325	5538365	FLOWS_TO	
5538321	5538325	FLOWS_TO	
5538329	5538325	FLOWS_TO	
5538333	5538344	FLOWS_TO	
5538344	5538329	FLOWS_TO	
5538365	5538380	FLOWS_TO	
5538201	5538381	USE	
5538220	5538381	USE	
5538241	5538381	USE	
5538247	5538381	USE	
5538288	5538381	USE	
5538289	5538381	USE	
5538201	5538382	USE	
5538220	5538382	USE	
5538241	5538382	USE	
5538247	5538382	USE	
5538288	5538382	USE	
5538289	5538382	USE	
5538170	5538383	USE	
5538183	5538383	USE	
5538241	5538383	USE	
5538245	5538383	USE	
5538333	5538383	USE	
5538340	5538383	USE	
5538373	5538384	DEF	
5538170	5538384	USE	
5538184	5538384	USE	
5538241	5538384	USE	
5538247	5538384	USE	
5538333	5538384	USE	
5538341	5538384	USE	
5538201	5538385	USE	
5538203	5538385	USE	
5538220	5538385	USE	
5538232	5538385	USE	
5538223	5538385	USE	
5538241	5538385	USE	
5538250	5538385	USE	
5538288	5538385	USE	
5538293	5538385	USE	
5538275	5538386	USE	
5538276	5538386	USE	
5538157	5538387	USE	
5538170	5538387	USE	
5538177	5538387	USE	
5538157	5538388	USE	
5538159	5538388	USE	
5538170	5538388	USE	
5538178	5538388	USE	
5538177	5538388	USE	
5538201	5538388	USE	
5538204	5538388	USE	
5538203	5538388	USE	
5538220	5538388	USE	
5538223	5538388	USE	
5538233	5538388	USE	
5538232	5538388	USE	
5538224	5538388	USE	
5538241	5538388	USE	
5538251	5538388	USE	
5538250	5538388	USE	
5538288	5538388	USE	
5538293	5538388	USE	
5538294	5538388	USE	
5538370	5538389	DEF	
5538325	5538389	USE	
5538344	5538389	USE	
5538351	5538389	USE	
5538353	5538389	USE	
5538170	5538390	USE	
5538241	5538391	USE	
5538245	5538391	USE	
5538201	5538392	USE	
5538220	5538392	USE	
5538241	5538392	USE	
5538247	5538392	USE	
5538288	5538392	USE	
5538289	5538392	USE	
5538095	5538393	USE	
5538099	5538393	USE	
5538157	5538393	USE	
5538189	5538393	USE	
5538259	5538393	USE	
5538309	5538393	USE	
5538241	5538394	USE	
5538245	5538394	USE	
5538365	5538395	USE	
5538085	5538396	DEF	
5538086	5538396	DEF	
5538157	5538396	USE	
5538160	5538396	USE	
5538153	5538396	DEF	
5538154	5538396	DEF	
5538165	5538396	USE	
5538165	5538396	DEF	
5538170	5538396	USE	
5538179	5538396	USE	
5538201	5538396	USE	
5538205	5538396	USE	
5538220	5538396	USE	
5538234	5538396	USE	
5538225	5538396	USE	
5538241	5538396	USE	
5538252	5538396	USE	
5538288	5538396	USE	
5538295	5538396	USE	
5538325	5538396	USE	
5538321	5538396	DEF	
5538322	5538396	DEF	
5538329	5538396	DEF	
5538329	5538396	USE	
5538333	5538396	USE	
5538341	5538396	USE	
5538344	5538396	USE	
5538353	5538396	USE	
5538351	5538396	USE	
5538085	5538397	DEF	
5538089	5538397	DEF	
5538201	5538397	USE	
5538203	5538397	USE	
5538195	5538397	DEF	
5538196	5538397	DEF	
5538211	5538397	USE	
5538212	5538397	USE	
5538211	5538397	DEF	
5538212	5538397	DEF	
5538220	5538397	USE	
5538232	5538397	USE	
5538223	5538397	USE	
5538241	5538397	USE	
5538250	5538397	USE	
5538288	5538397	USE	
5538293	5538397	USE	
5538085	5538398	DEF	
5538092	5538398	DEF	
5538195	5538398	DEF	
5538198	5538398	DEF	
5538211	5538398	DEF	
5538215	5538398	DEF	
5538211	5538398	USE	
5538215	5538398	USE	
5538264	5538398	USE	
5538269	5538398	USE	
5538275	5538398	DEF	
5538276	5538398	DEF	
5538275	5538398	USE	
5538276	5538398	USE	
5538288	5538398	USE	
5538290	5538398	USE	
5538300	5538398	USE	
5538302	5538398	USE	
5538376	5538399	DEF	
5538189	5538399	USE	
5538264	5538399	USE	
5538269	5538399	USE	
5538288	5538399	USE	
5538290	5538399	USE	
5538300	5538399	USE	
5538302	5538399	USE	
5538309	5538399	USE	
5538314	5538399	USE	
5538316	5538399	USE	
5538333	5538399	USE	
5538338	5538399	USE	
5538344	5538399	USE	
5538349	5538399	USE	
5538241	5538400	USE	
5538245	5538400	USE	
5538095	5538401	DEF	
5538099	5538401	DEF	
5538096	5538401	DEF	
5538157	5538401	USE	
5538160	5538401	USE	
5538170	5538401	USE	
5538179	5538401	USE	
5538201	5538401	USE	
5538205	5538401	USE	
5538220	5538401	USE	
5538234	5538401	USE	
5538225	5538401	USE	
5538241	5538401	USE	
5538252	5538401	USE	
5538288	5538401	USE	
5538295	5538401	USE	
5538157	5538402	USE	
5538159	5538402	USE	
5538170	5538402	USE	
5538178	5538402	USE	
5538177	5538402	USE	
5538201	5538402	USE	
5538204	5538402	USE	
5538203	5538402	USE	
5538220	5538402	USE	
5538233	5538402	USE	
5538223	5538402	USE	
5538232	5538402	USE	
5538224	5538402	USE	
5538241	5538402	USE	
5538250	5538402	USE	
5538251	5538402	USE	
5538288	5538402	USE	
5538294	5538402	USE	
5538293	5538402	USE	
5538333	5538402	USE	
5538340	5538402	USE	
5538288	5538403	DEF	
5538289	5538403	DEF	
5538300	5538403	DEF	
5538301	5538403	DEF	
5538314	5538403	DEF	
5538315	5538403	DEF	
5538201	5538404	USE	
5538220	5538404	USE	
5538241	5538404	USE	
5538247	5538404	USE	
5538288	5538404	USE	
5538289	5538404	USE	
5538288	5538405	DEF	
5538289	5538405	DEF	
5538300	5538405	DEF	
5538301	5538405	DEF	
5538241	5538406	DEF	
5538245	5538406	DEF	
5538242	5538406	DEF	
5538259	5538406	USE	
5538264	5538406	USE	
5538273	5538406	USE	
5538275	5538406	USE	
5538283	5538406	USE	
5538241	5538407	USE	
5538245	5538407	USE	
5538306	5538408	USE	
5538095	5538157	REACHES	ops
5538095	5538170	REACHES	ops
5538095	5538201	REACHES	ops
5538095	5538220	REACHES	ops
5538095	5538241	REACHES	ops
5538095	5538288	REACHES	ops
5538373	5538170	REACHES	argv
5538373	5538241	REACHES	argv
5538373	5538333	REACHES	argv
5538370	5538325	REACHES	argc
5538370	5538344	REACHES	argc
5538153	5538157	REACHES	i
5538165	5538157	REACHES	i
5538321	5538344	REACHES	i
5538165	5538241	REACHES	i
5538153	5538165	REACHES	i
5538329	5538325	REACHES	i
5538165	5538165	REACHES	i
5538165	5538220	REACHES	i
5538329	5538344	REACHES	i
5538329	5538329	REACHES	i
5538321	5538329	REACHES	i
5538153	5538170	REACHES	i
5538329	5538333	REACHES	i
5538321	5538333	REACHES	i
5538165	5538288	REACHES	i
5538165	5538170	REACHES	i
5538153	5538201	REACHES	i
5538165	5538201	REACHES	i
5538153	5538288	REACHES	i
5538321	5538325	REACHES	i
5538153	5538241	REACHES	i
5538153	5538220	REACHES	i
5538195	5538201	REACHES	j
5538211	5538201	REACHES	j
5538211	5538211	REACHES	j
5538195	5538211	REACHES	j
5538211	5538220	REACHES	j
5538195	5538220	REACHES	j
5538195	5538288	REACHES	j
5538211	5538241	REACHES	j
5538195	5538241	REACHES	j
5538211	5538288	REACHES	j
5538275	5538211	REACHES	k
5538211	5538211	REACHES	k
5538195	5538211	REACHES	k
5538211	5538264	REACHES	k
5538195	5538264	REACHES	k
5538211	5538275	REACHES	k
5538195	5538300	REACHES	k
5538195	5538275	REACHES	k
5538211	5538288	REACHES	k
5538195	5538288	REACHES	k
5538211	5538300	REACHES	k
5538376	5538189	REACHES	newstr
5538376	5538264	REACHES	newstr
5538376	5538288	REACHES	newstr
5538376	5538300	REACHES	newstr
5538376	5538309	REACHES	newstr
5538376	5538314	REACHES	newstr
5538376	5538333	REACHES	newstr
5538376	5538344	REACHES	newstr
5538314	5538380	REACHES	* newstr
5538300	5538380	REACHES	* newstr
5538241	5538259	REACHES	w
5538241	5538264	REACHES	w
5538241	5538275	REACHES	w
5538379	5538370	CONTROLS	
5538379	5538373	CONTROLS	
5538379	5538376	CONTROLS	
5538379	5538085	CONTROLS	
5538379	5538095	CONTROLS	
5538379	5538153	CONTROLS	
5538379	5538157	CONTROLS	
5538157	5538170	CONTROLS	
5538157	5538309	CONTROLS	
5538157	5538365	CONTROLS	
5538170	5538189	CONTROLS	
5538170	5538306	CONTROLS	
5538170	5538165	CONTROLS	
5538170	5538157	CONTROLS	
5538189	5538195	CONTROLS	
5538189	5538201	CONTROLS	
5538189	5538300	CONTROLS	
5538201	5538220	CONTROLS	
5538201	5538211	CONTROLS	
5538220	5538241	CONTROLS	
5538220	5538259	CONTROLS	
5538220	5538288	CONTROLS	
5538259	5538264	CONTROLS	
5538259	5538275	CONTROLS	
5538309	5538314	CONTROLS	
5538309	5538321	CONTROLS	
5538309	5538325	CONTROLS	
5538325	5538333	CONTROLS	
5538325	5538344	CONTROLS	
5538325	5538329	CONTROLS	
5538095	5538153	DOM	
5538201	5538220	DOM	
5538220	5538241	DOM	
5538170	5538189	DOM	
5538264	5538275	DOM	
5538157	5538309	DOM	
5538379	5538370	DOM	
5538314	5538321	DOM	
5538241	5538259	DOM	
5538157	5538380	DOM	
5538085	5538095	DOM	
5538170	5538165	DOM	
5538309	5538314	DOM	
5538325	5538333	DOM	
5538370	5538373	DOM	
5538373	5538376	DOM	
5538189	5538195	DOM	
5538220	5538211	DOM	
5538333	5538344	DOM	
5538201	5538300	DOM	
5538259	5538264	DOM	
5538153	5538157	DOM	
5538195	5538201	DOM	
5538321	5538325	DOM	
5538157	5538170	DOM	
5538344	5538329	DOM	
5538309	5538365	DOM	
5538379	5538379	DOM	
5538220	5538288	DOM	
5538189	5538306	DOM	
5538376	5538085	DOM	
5538157	5538153	POST_DOM	
5538259	5538241	POST_DOM	
5538211	5538220	POST_DOM	
5538306	5538189	POST_DOM	
5538211	5538275	POST_DOM	
5538365	5538309	POST_DOM	
5538373	5538370	POST_DOM	
5538325	5538321	POST_DOM	
5538211	5538259	POST_DOM	
5538380	5538380	POST_DOM	
5538153	5538095	POST_DOM	
5538157	5538165	POST_DOM	
5538321	5538314	POST_DOM	
5538344	5538333	POST_DOM	
5538376	5538373	POST_DOM	
5538085	5538376	POST_DOM	
5538201	5538195	POST_DOM	
5538201	5538211	POST_DOM	
5538329	5538344	POST_DOM	
5538306	5538300	POST_DOM	
5538275	5538264	POST_DOM	
5538380	5538157	POST_DOM	
5538300	5538201	POST_DOM	
5538365	5538325	POST_DOM	
5538380	5538170	POST_DOM	
5538380	5538365	POST_DOM	
5538325	5538329	POST_DOM	
5538370	5538379	POST_DOM	
5538211	5538288	POST_DOM	
5538380	5538306	POST_DOM	
5538095	5538085	POST_DOM	
5538082	5538083	IS_FUNCTION_OF_AST	
5538082	5538379	IS_FUNCTION_OF_CFG	
5538081	5538082	IS_FILE_OF	
5538413	5538414	IS_AST_PARENT	
5538413	5538415	IS_AST_PARENT	
5538412	5538413	IS_AST_PARENT	
5538416	5538417	IS_AST_PARENT	
5538416	5538418	IS_AST_PARENT	
5538412	5538416	IS_AST_PARENT	
5538411	5538412	IS_AST_PARENT	
5538420	5538421	IS_AST_PARENT	
5538420	5538422	IS_AST_PARENT	
5538420	5538423	IS_AST_PARENT	
5538419	5538420	IS_AST_PARENT	
5538411	5538419	IS_AST_PARENT	
5538425	5538426	IS_AST_PARENT	
5538425	5538427	IS_AST_PARENT	
5538425	5538428	IS_AST_PARENT	
5538424	5538425	IS_AST_PARENT	
5538411	5538424	IS_AST_PARENT	
5538430	5538431	IS_AST_PARENT	
5538430	5538432	IS_AST_PARENT	
5538430	5538433	IS_AST_PARENT	
5538429	5538430	IS_AST_PARENT	
5538411	5538429	IS_AST_PARENT	
5538435	5538436	IS_AST_PARENT	
5538435	5538437	IS_AST_PARENT	
5538435	5538438	IS_AST_PARENT	
5538434	5538435	IS_AST_PARENT	
5538411	5538434	IS_AST_PARENT	
5538440	5538441	IS_AST_PARENT	
5538440	5538442	IS_AST_PARENT	
5538439	5538440	IS_AST_PARENT	
5538443	5538444	IS_AST_PARENT	
5538443	5538445	IS_AST_PARENT	
5538439	5538443	IS_AST_PARENT	
5538446	5538447	IS_AST_PARENT	
5538446	5538448	IS_AST_PARENT	
5538439	5538446	IS_AST_PARENT	
5538449	5538450	IS_AST_PARENT	
5538449	5538451	IS_AST_PARENT	
5538439	5538449	IS_AST_PARENT	
5538411	5538439	IS_AST_PARENT	
5538453	5538454	IS_AST_PARENT	
5538456	5538457	IS_AST_PARENT	
5538455	5538456	IS_AST_PARENT	
5538459	5538460	IS_AST_PARENT	
5538458	5538459	IS_AST_PARENT	
5538455	5538458	IS_AST_PARENT	
5538453	5538455	IS_AST_PARENT	
5538452	5538453	IS_AST_PARENT	
5538411	5538452	IS_AST_PARENT	
5538463	5538464	IS_AST_PARENT	
5538463	5538465	IS_AST_PARENT	
5538462	5538463	IS_AST_PARENT	
5538461	5538462	IS_AST_PARENT	
5538467	5538468	IS_AST_PARENT	
5538466	5538467	IS_AST_PARENT	
5538461	5538466	IS_AST_PARENT	
5538411	5538461	IS_AST_PARENT	
5538471	5538472	IS_AST_PARENT	
5538470	5538471	IS_AST_PARENT	
5538474	5538475	IS_AST_PARENT	
5538473	5538474	IS_AST_PARENT	
5538470	5538473	IS_AST_PARENT	
5538469	5538470	IS_AST_PARENT	
5538411	5538469	IS_AST_PARENT	
5538477	5538478	IS_AST_PARENT	
5538480	5538481	IS_AST_PARENT	
5538479	5538480	IS_AST_PARENT	
5538483	5538484	IS_AST_PARENT	
5538482	5538483	IS_AST_PARENT	
5538485	5538486	IS_AST_PARENT	
5538482	5538485	IS_AST_PARENT	
5538479	5538482	IS_AST_PARENT	
5538477	5538479	IS_AST_PARENT	
5538476	5538477	IS_AST_PARENT	
5538411	5538476	IS_AST_PARENT	
5538488	5538489	IS_AST_PARENT	
5538487	5538488	IS_AST_PARENT	
5538493	5538494	IS_AST_PARENT	
5538493	5538495	IS_AST_PARENT	
5538492	5538493	IS_AST_PARENT	
5538492	5538496	IS_AST_PARENT	
5538491	5538492	IS_AST_PARENT	
5538490	5538491	IS_AST_PARENT	
5538499	5538500	IS_AST_PARENT	
5538498	5538499	IS_AST_PARENT	
5538502	5538503	IS_AST_PARENT	
5538501	5538502	IS_AST_PARENT	
5538498	5538501	IS_AST_PARENT	
5538497	5538498	IS_AST_PARENT	
5538490	5538497	IS_AST_PARENT	
5538487	5538490	IS_AST_PARENT	
5538411	5538487	IS_AST_PARENT	
5538508	5538509	IS_AST_PARENT	
5538508	5538510	IS_AST_PARENT	
5538507	5538508	IS_AST_PARENT	
5538507	5538511	IS_AST_PARENT	
5538506	5538507	IS_AST_PARENT	
5538513	5538514	IS_AST_PARENT	
5538517	5538518	IS_AST_PARENT	
5538516	5538517	IS_AST_PARENT	
5538520	5538521	IS_AST_PARENT	
5538519	5538520	IS_AST_PARENT	
5538516	5538519	IS_AST_PARENT	
5538515	5538516	IS_AST_PARENT	
5538515	5538522	IS_AST_PARENT	
5538513	5538515	IS_AST_PARENT	
5538512	5538513	IS_AST_PARENT	
5538512	5538523	IS_AST_PARENT	
5538506	5538512	IS_AST_PARENT	
5538505	5538506	IS_AST_PARENT	
5538504	5538505	IS_AST_PARENT	
5538527	5538528	IS_AST_PARENT	
5538526	5538527	IS_AST_PARENT	
5538530	5538531	IS_AST_PARENT	
5538529	5538530	IS_AST_PARENT	
5538526	5538529	IS_AST_PARENT	
5538525	5538526	IS_AST_PARENT	
5538524	5538525	IS_AST_PARENT	
5538534	5538535	IS_AST_PARENT	
5538533	5538534	IS_AST_PARENT	
5538537	5538538	IS_AST_PARENT	
5538536	5538537	IS_AST_PARENT	
5538539	5538540	IS_AST_PARENT	
5538536	5538539	IS_AST_PARENT	
5538533	5538536	IS_AST_PARENT	
5538532	5538533	IS_AST_PARENT	
5538524	5538532	IS_AST_PARENT	
5538541	5538542	IS_AST_PARENT	
5538524	5538541	IS_AST_PARENT	
5538504	5538524	IS_AST_PARENT	
5538411	5538504	IS_AST_PARENT	
5538545	5538546	IS_AST_PARENT	
5538544	5538545	IS_AST_PARENT	
5538548	5538549	IS_AST_PARENT	
5538547	5538548	IS_AST_PARENT	
5538550	5538551	IS_AST_PARENT	
5538547	5538550	IS_AST_PARENT	
5538552	5538553	IS_AST_PARENT	
5538547	5538552	IS_AST_PARENT	
5538544	5538547	IS_AST_PARENT	
5538543	5538544	IS_AST_PARENT	
5538411	5538543	IS_AST_PARENT	
5538556	5538557	IS_AST_PARENT	
5538555	5538556	IS_AST_PARENT	
5538559	5538560	IS_AST_PARENT	
5538558	5538559	IS_AST_PARENT	
5538561	5538562	IS_AST_PARENT	
5538558	5538561	IS_AST_PARENT	
5538563	5538564	IS_AST_PARENT	
5538558	5538563	IS_AST_PARENT	
5538555	5538558	IS_AST_PARENT	
5538554	5538555	IS_AST_PARENT	
5538411	5538554	IS_AST_PARENT	
5538567	5538568	IS_AST_PARENT	
5538566	5538567	IS_AST_PARENT	
5538570	5538571	IS_AST_PARENT	
5538569	5538570	IS_AST_PARENT	
5538572	5538573	IS_AST_PARENT	
5538569	5538572	IS_AST_PARENT	
5538574	5538575	IS_AST_PARENT	
5538569	5538574	IS_AST_PARENT	
5538566	5538569	IS_AST_PARENT	
5538565	5538566	IS_AST_PARENT	
5538411	5538565	IS_AST_PARENT	
5538578	5538579	IS_AST_PARENT	
5538577	5538578	IS_AST_PARENT	
5538581	5538582	IS_AST_PARENT	
5538580	5538581	IS_AST_PARENT	
5538583	5538584	IS_AST_PARENT	
5538580	5538583	IS_AST_PARENT	
5538585	5538586	IS_AST_PARENT	
5538580	5538585	IS_AST_PARENT	
5538577	5538580	IS_AST_PARENT	
5538576	5538577	IS_AST_PARENT	
5538411	5538576	IS_AST_PARENT	
5538589	5538590	IS_AST_PARENT	
5538588	5538589	IS_AST_PARENT	
5538592	5538593	IS_AST_PARENT	
5538591	5538592	IS_AST_PARENT	
5538594	5538595	IS_AST_PARENT	
5538591	5538594	IS_AST_PARENT	
5538596	5538597	IS_AST_PARENT	
5538591	5538596	IS_AST_PARENT	
5538588	5538591	IS_AST_PARENT	
5538587	5538588	IS_AST_PARENT	
5538411	5538587	IS_AST_PARENT	
5538599	5538600	IS_AST_PARENT	
5538602	5538603	IS_AST_PARENT	
5538601	5538602	IS_AST_PARENT	
5538605	5538606	IS_AST_PARENT	
5538604	5538605	IS_AST_PARENT	
5538607	5538608	IS_AST_PARENT	
5538604	5538607	IS_AST_PARENT	
5538601	5538604	IS_AST_PARENT	
5538599	5538601	IS_AST_PARENT	
5538598	5538599	IS_AST_PARENT	
5538411	5538598	IS_AST_PARENT	
5538610	5538611	IS_AST_PARENT	
5538609	5538610	IS_AST_PARENT	
5538615	5538616	IS_AST_PARENT	
5538615	5538617	IS_AST_PARENT	
5538614	5538615	IS_AST_PARENT	
5538614	5538618	IS_AST_PARENT	
5538613	5538614	IS_AST_PARENT	
5538612	5538613	IS_AST_PARENT	
5538620	5538621	IS_AST_PARENT	
5538622	5538623	IS_AST_PARENT	
5538625	5538626	IS_AST_PARENT	
5538624	5538625	IS_AST_PARENT	
5538628	5538629	IS_AST_PARENT	
5538627	5538628	IS_AST_PARENT	
5538630	5538631	IS_AST_PARENT	
5538627	5538630	IS_AST_PARENT	
5538624	5538627	IS_AST_PARENT	
5538622	5538624	IS_AST_PARENT	
5538620	5538622	IS_AST_PARENT	
5538619	5538620	IS_AST_PARENT	
5538612	5538619	IS_AST_PARENT	
5538634	5538635	IS_AST_PARENT	
5538634	5538636	IS_AST_PARENT	
5538633	5538634	IS_AST_PARENT	
5538632	5538633	IS_AST_PARENT	
5538639	5538640	IS_AST_PARENT	
5538641	5538642	IS_AST_PARENT	
5538644	5538645	IS_AST_PARENT	
5538643	5538644	IS_AST_PARENT	
5538647	5538648	IS_AST_PARENT	
5538646	5538647	IS_AST_PARENT	
5538649	5538650	IS_AST_PARENT	
5538646	5538649	IS_AST_PARENT	
5538643	5538646	IS_AST_PARENT	
5538641	5538643	IS_AST_PARENT	
5538639	5538641	IS_AST_PARENT	
5538638	5538639	IS_AST_PARENT	
5538637	5538638	IS_AST_PARENT	
5538632	5538637	IS_AST_PARENT	
5538612	5538632	IS_AST_PARENT	
5538652	5538653	IS_AST_PARENT	
5538651	5538652	IS_AST_PARENT	
5538656	5538657	IS_AST_PARENT	
5538659	5538660	IS_AST_PARENT	
5538658	5538659	IS_AST_PARENT	
5538663	5538664	IS_AST_PARENT	
5538663	5538665	IS_AST_PARENT	
5538662	5538663	IS_AST_PARENT	
5538661	5538662	IS_AST_PARENT	
5538658	5538661	IS_AST_PARENT	
5538656	5538658	IS_AST_PARENT	
5538655	5538656	IS_AST_PARENT	
5538654	5538655	IS_AST_PARENT	
5538668	5538669	IS_AST_PARENT	
5538668	5538670	IS_AST_PARENT	
5538667	5538668	IS_AST_PARENT	
5538667	5538671	IS_AST_PARENT	
5538666	5538667	IS_AST_PARENT	
5538654	5538666	IS_AST_PARENT	
5538674	5538675	IS_AST_PARENT	
5538673	5538674	IS_AST_PARENT	
5538678	5538679	IS_AST_PARENT	
5538678	5538680	IS_AST_PARENT	
5538677	5538678	IS_AST_PARENT	
5538676	5538677	IS_AST_PARENT	
5538681	5538682	IS_AST_PARENT	
5538676	5538681	IS_AST_PARENT	
5538686	5538687	IS_AST_PARENT	
5538685	5538686	IS_AST_PARENT	
5538689	5538690	IS_AST_PARENT	
5538688	5538689	IS_AST_PARENT	
5538685	5538688	IS_AST_PARENT	
5538684	5538685	IS_AST_PARENT	
5538684	5538691	IS_AST_PARENT	
5538683	5538684	IS_AST_PARENT	
5538676	5538683	IS_AST_PARENT	
5538673	5538676	IS_AST_PARENT	
5538672	5538673	IS_AST_PARENT	
5538654	5538672	IS_AST_PARENT	
5538693	5538694	IS_AST_PARENT	
5538695	5538696	IS_AST_PARENT	
5538698	5538699	IS_AST_PARENT	
5538697	5538698	IS_AST_PARENT	
5538701	5538702	IS_AST_PARENT	
5538700	5538701	IS_AST_PARENT	
5538703	5538704	IS_AST_PARENT	
5538700	5538703	IS_AST_PARENT	
5538697	5538700	IS_AST_PARENT	
5538695	5538697	IS_AST_PARENT	
5538693	5538695	IS_AST_PARENT	
5538692	5538693	IS_AST_PARENT	
5538654	5538692	IS_AST_PARENT	
5538707	5538708	IS_AST_PARENT	
5538707	5538709	IS_AST_PARENT	
5538706	5538707	IS_AST_PARENT	
5538705	5538706	IS_AST_PARENT	
5538712	5538713	IS_AST_PARENT	
5538712	5538714	IS_AST_PARENT	
5538715	5538716	IS_AST_PARENT	
5538718	5538719	IS_AST_PARENT	
5538717	5538718	IS_AST_PARENT	
5538722	5538723	IS_AST_PARENT	
5538722	5538724	IS_AST_PARENT	
5538721	5538722	IS_AST_PARENT	
5538720	5538721	IS_AST_PARENT	
5538717	5538720	IS_AST_PARENT	
5538715	5538717	IS_AST_PARENT	
5538712	5538715	IS_AST_PARENT	
5538711	5538712	IS_AST_PARENT	
5538710	5538711	IS_AST_PARENT	
5538727	5538728	IS_AST_PARENT	
5538727	5538729	IS_AST_PARENT	
5538726	5538727	IS_AST_PARENT	
5538725	5538726	IS_AST_PARENT	
5538733	5538734	IS_AST_PARENT	
5538732	5538733	IS_AST_PARENT	
5538736	5538737	IS_AST_PARENT	
5538735	5538736	IS_AST_PARENT	
5538738	5538739	IS_AST_PARENT	
5538735	5538738	IS_AST_PARENT	
5538740	5538741	IS_AST_PARENT	
5538735	5538740	IS_AST_PARENT	
5538742	5538743	IS_AST_PARENT	
5538735	5538742	IS_AST_PARENT	
5538732	5538735	IS_AST_PARENT	
5538731	5538732	IS_AST_PARENT	
5538730	5538731	IS_AST_PARENT	
5538725	5538730	IS_AST_PARENT	
5538748	5538749	IS_AST_PARENT	
5538747	5538748	IS_AST_PARENT	
5538751	5538752	IS_AST_PARENT	
5538750	5538751	IS_AST_PARENT	
5538753	5538754	IS_AST_PARENT	
5538750	5538753	IS_AST_PARENT	
5538755	5538756	IS_AST_PARENT	
5538750	5538755	IS_AST_PARENT	
5538757	5538758	IS_AST_PARENT	
5538750	5538757	IS_AST_PARENT	
5538747	5538750	IS_AST_PARENT	
5538746	5538747	IS_AST_PARENT	
5538745	5538746	IS_AST_PARENT	
5538744	5538745	IS_AST_PARENT	
5538725	5538744	IS_AST_PARENT	
5538710	5538725	IS_AST_PARENT	
5538761	5538762	IS_AST_PARENT	
5538760	5538761	IS_AST_PARENT	
5538764	5538765	IS_AST_PARENT	
5538763	5538764	IS_AST_PARENT	
5538760	5538763	IS_AST_PARENT	
5538759	5538760	IS_AST_PARENT	
5538710	5538759	IS_AST_PARENT	
5538705	5538710	IS_AST_PARENT	
5538654	5538705	IS_AST_PARENT	
5538651	5538654	IS_AST_PARENT	
5538770	5538771	IS_AST_PARENT	
5538770	5538772	IS_AST_PARENT	
5538769	5538770	IS_AST_PARENT	
5538769	5538773	IS_AST_PARENT	
5538768	5538769	IS_AST_PARENT	
5538767	5538768	IS_AST_PARENT	
5538766	5538767	IS_AST_PARENT	
5538651	5538766	IS_AST_PARENT	
5538612	5538651	IS_AST_PARENT	
5538609	5538612	IS_AST_PARENT	
5538411	5538609	IS_AST_PARENT	
5538776	5538777	IS_AST_PARENT	
5538776	5538778	IS_AST_PARENT	
5538775	5538776	IS_AST_PARENT	
5538774	5538775	IS_AST_PARENT	
5538782	5538783	IS_AST_PARENT	
5538782	5538784	IS_AST_PARENT	
5538781	5538782	IS_AST_PARENT	
5538786	5538787	IS_AST_PARENT	
5538786	5538788	IS_AST_PARENT	
5538785	5538786	IS_AST_PARENT	
5538790	5538791	IS_AST_PARENT	
5538790	5538792	IS_AST_PARENT	
5538789	5538790	IS_AST_PARENT	
5538794	5538795	IS_AST_PARENT	
5538794	5538796	IS_AST_PARENT	
5538793	5538794	IS_AST_PARENT	
5538793	5538797	IS_AST_PARENT	
5538789	5538793	IS_AST_PARENT	
5538785	5538789	IS_AST_PARENT	
5538781	5538785	IS_AST_PARENT	
5538780	5538781	IS_AST_PARENT	
5538779	5538780	IS_AST_PARENT	
5538799	5538800	IS_AST_PARENT	
5538802	5538803	IS_AST_PARENT	
5538801	5538802	IS_AST_PARENT	
5538805	5538806	IS_AST_PARENT	
5538804	5538805	IS_AST_PARENT	
5538807	5538808	IS_AST_PARENT	
5538804	5538807	IS_AST_PARENT	
5538801	5538804	IS_AST_PARENT	
5538799	5538801	IS_AST_PARENT	
5538798	5538799	IS_AST_PARENT	
5538779	5538798	IS_AST_PARENT	
5538811	5538812	IS_AST_PARENT	
5538811	5538813	IS_AST_PARENT	
5538810	5538811	IS_AST_PARENT	
5538809	5538810	IS_AST_PARENT	
5538816	5538817	IS_AST_PARENT	
5538819	5538820	IS_AST_PARENT	
5538818	5538819	IS_AST_PARENT	
5538822	5538823	IS_AST_PARENT	
5538821	5538822	IS_AST_PARENT	
5538824	5538825	IS_AST_PARENT	
5538821	5538824	IS_AST_PARENT	
5538818	5538821	IS_AST_PARENT	
5538816	5538818	IS_AST_PARENT	
5538815	5538816	IS_AST_PARENT	
5538814	5538815	IS_AST_PARENT	
5538809	5538814	IS_AST_PARENT	
5538779	5538809	IS_AST_PARENT	
5538827	5538828	IS_AST_PARENT	
5538826	5538827	IS_AST_PARENT	
5538832	5538833	IS_AST_PARENT	
5538832	5538834	IS_AST_PARENT	
5538831	5538832	IS_AST_PARENT	
5538831	5538835	IS_AST_PARENT	
5538830	5538831	IS_AST_PARENT	
5538829	5538830	IS_AST_PARENT	
5538838	5538839	IS_AST_PARENT	
5538838	5538840	IS_AST_PARENT	
5538837	5538838	IS_AST_PARENT	
5538836	5538837	IS_AST_PARENT	
5538843	5538844	IS_AST_PARENT	
5538843	5538845	IS_AST_PARENT	
5538842	5538843	IS_AST_PARENT	
5538842	5538846	IS_AST_PARENT	
5538841	5538842	IS_AST_PARENT	
5538836	5538841	IS_AST_PARENT	
5538847	5538848	IS_AST_PARENT	
5538847	5538849	IS_AST_PARENT	
5538836	5538847	IS_AST_PARENT	
5538850	5538851	IS_AST_PARENT	
5538836	5538850	IS_AST_PARENT	
5538829	5538836	IS_AST_PARENT	
5538854	5538855	IS_AST_PARENT	
5538853	5538854	IS_AST_PARENT	
5538857	5538858	IS_AST_PARENT	
5538856	5538857	IS_AST_PARENT	
5538859	5538860	IS_AST_PARENT	
5538856	5538859	IS_AST_PARENT	
5538863	5538864	IS_AST_PARENT	
5538863	5538865	IS_AST_PARENT	
5538862	5538863	IS_AST_PARENT	
5538862	5538866	IS_AST_PARENT	
5538861	5538862	IS_AST_PARENT	
5538856	5538861	IS_AST_PARENT	
5538853	5538856	IS_AST_PARENT	
5538852	5538853	IS_AST_PARENT	
5538829	5538852	IS_AST_PARENT	
5538869	5538870	IS_AST_PARENT	
5538868	5538869	IS_AST_PARENT	
5538872	5538873	IS_AST_PARENT	
5538871	5538872	IS_AST_PARENT	
5538874	5538875	IS_AST_PARENT	
5538871	5538874	IS_AST_PARENT	
5538878	5538879	IS_AST_PARENT	
5538878	5538880	IS_AST_PARENT	
5538877	5538878	IS_AST_PARENT	
5538877	5538881	IS_AST_PARENT	
5538876	5538877	IS_AST_PARENT	
5538871	5538876	IS_AST_PARENT	
5538868	5538871	IS_AST_PARENT	
5538867	5538868	IS_AST_PARENT	
5538829	5538867	IS_AST_PARENT	
5538883	5538884	IS_AST_PARENT	
5538883	5538885	IS_AST_PARENT	
5538882	5538883	IS_AST_PARENT	
5538829	5538882	IS_AST_PARENT	
5538887	5538888	IS_AST_PARENT	
5538890	5538891	IS_AST_PARENT	
5538889	5538890	IS_AST_PARENT	
5538893	5538894	IS_AST_PARENT	
5538892	5538893	IS_AST_PARENT	
5538895	5538896	IS_AST_PARENT	
5538892	5538895	IS_AST_PARENT	
5538889	5538892	IS_AST_PARENT	
5538887	5538889	IS_AST_PARENT	
5538886	5538887	IS_AST_PARENT	
5538829	5538886	IS_AST_PARENT	
5538898	5538899	IS_AST_PARENT	
5538897	5538898	IS_AST_PARENT	
5538903	5538904	IS_AST_PARENT	
5538903	5538905	IS_AST_PARENT	
5538902	5538903	IS_AST_PARENT	
5538902	5538906	IS_AST_PARENT	
5538901	5538902	IS_AST_PARENT	
5538900	5538901	IS_AST_PARENT	
5538909	5538910	IS_AST_PARENT	
5538909	5538911	IS_AST_PARENT	
5538908	5538909	IS_AST_PARENT	
5538907	5538908	IS_AST_PARENT	
5538914	5538915	IS_AST_PARENT	
5538914	5538916	IS_AST_PARENT	
5538913	5538914	IS_AST_PARENT	
5538913	5538917	IS_AST_PARENT	
5538912	5538913	IS_AST_PARENT	
5538907	5538912	IS_AST_PARENT	
5538918	5538919	IS_AST_PARENT	
5538918	5538920	IS_AST_PARENT	
5538907	5538918	IS_AST_PARENT	
5538921	5538922	IS_AST_PARENT	
5538907	5538921	IS_AST_PARENT	
5538900	5538907	IS_AST_PARENT	
5538925	5538926	IS_AST_PARENT	
5538924	5538925	IS_AST_PARENT	
5538928	5538929	IS_AST_PARENT	
5538927	5538928	IS_AST_PARENT	
5538930	5538931	IS_AST_PARENT	
5538927	5538930	IS_AST_PARENT	
5538934	5538935	IS_AST_PARENT	
5538934	5538936	IS_AST_PARENT	
5538933	5538934	IS_AST_PARENT	
5538933	5538937	IS_AST_PARENT	
5538932	5538933	IS_AST_PARENT	
5538927	5538932	IS_AST_PARENT	
5538924	5538927	IS_AST_PARENT	
5538923	5538924	IS_AST_PARENT	
5538900	5538923	IS_AST_PARENT	
5538940	5538941	IS_AST_PARENT	
5538939	5538940	IS_AST_PARENT	
5538943	5538944	IS_AST_PARENT	
5538942	5538943	IS_AST_PARENT	
5538945	5538946	IS_AST_PARENT	
5538942	5538945	IS_AST_PARENT	
5538949	5538950	IS_AST_PARENT	
5538949	5538951	IS_AST_PARENT	
5538948	5538949	IS_AST_PARENT	
5538948	5538952	IS_AST_PARENT	
5538947	5538948	IS_AST_PARENT	
5538942	5538947	IS_AST_PARENT	
5538939	5538942	IS_AST_PARENT	
5538938	5538939	IS_AST_PARENT	
5538900	5538938	IS_AST_PARENT	
5538954	5538955	IS_AST_PARENT	
5538957	5538958	IS_AST_PARENT	
5538956	5538957	IS_AST_PARENT	
5538960	5538961	IS_AST_PARENT	
5538959	5538960	IS_AST_PARENT	
5538962	5538963	IS_AST_PARENT	
5538959	5538962	IS_AST_PARENT	
5538956	5538959	IS_AST_PARENT	
5538954	5538956	IS_AST_PARENT	
5538953	5538954	IS_AST_PARENT	
5538900	5538953	IS_AST_PARENT	
5538965	5538966	IS_AST_PARENT	
5538964	5538965	IS_AST_PARENT	
5538970	5538971	IS_AST_PARENT	
5538970	5538972	IS_AST_PARENT	
5538969	5538970	IS_AST_PARENT	
5538969	5538973	IS_AST_PARENT	
5538968	5538969	IS_AST_PARENT	
5538967	5538968	IS_AST_PARENT	
5538976	5538977	IS_AST_PARENT	
5538976	5538978	IS_AST_PARENT	
5538975	5538976	IS_AST_PARENT	
5538974	5538975	IS_AST_PARENT	
5538981	5538982	IS_AST_PARENT	
5538981	5538983	IS_AST_PARENT	
5538980	5538981	IS_AST_PARENT	
5538980	5538984	IS_AST_PARENT	
5538979	5538980	IS_AST_PARENT	
5538974	5538979	IS_AST_PARENT	
5538985	5538986	IS_AST_PARENT	
5538985	5538987	IS_AST_PARENT	
5538974	5538985	IS_AST_PARENT	
5538988	5538989	IS_AST_PARENT	
5538974	5538988	IS_AST_PARENT	
5538967	5538974	IS_AST_PARENT	
5538992	5538993	IS_AST_PARENT	
5538991	5538992	IS_AST_PARENT	
5538995	5538996	IS_AST_PARENT	
5538994	5538995	IS_AST_PARENT	
5538997	5538998	IS_AST_PARENT	
5538994	5538997	IS_AST_PARENT	
5539001	5539002	IS_AST_PARENT	
5539001	5539003	IS_AST_PARENT	
5539000	5539001	IS_AST_PARENT	
5539000	5539004	IS_AST_PARENT	
5538999	5539000	IS_AST_PARENT	
5538994	5538999	IS_AST_PARENT	
5538991	5538994	IS_AST_PARENT	
5538990	5538991	IS_AST_PARENT	
5538967	5538990	IS_AST_PARENT	
5539007	5539008	IS_AST_PARENT	
5539006	5539007	IS_AST_PARENT	
5539010	5539011	IS_AST_PARENT	
5539009	5539010	IS_AST_PARENT	
5539012	5539013	IS_AST_PARENT	
5539009	5539012	IS_AST_PARENT	
5539016	5539017	IS_AST_PARENT	
5539016	5539018	IS_AST_PARENT	
5539015	5539016	IS_AST_PARENT	
5539015	5539019	IS_AST_PARENT	
5539014	5539015	IS_AST_PARENT	
5539009	5539014	IS_AST_PARENT	
5539006	5539009	IS_AST_PARENT	
5539005	5539006	IS_AST_PARENT	
5538967	5539005	IS_AST_PARENT	
5538964	5538967	IS_AST_PARENT	
5538900	5538964	IS_AST_PARENT	
5538897	5538900	IS_AST_PARENT	
5538829	5538897	IS_AST_PARENT	
5538826	5538829	IS_AST_PARENT	
5538779	5538826	IS_AST_PARENT	
5539022	5539023	IS_AST_PARENT	
5539022	5539024	IS_AST_PARENT	
5539025	5539026	IS_AST_PARENT	
5539027	5539028	IS_AST_PARENT	
5539027	5539029	IS_AST_PARENT	
5539027	5539030	IS_AST_PARENT	
5539027	5539031	IS_AST_PARENT	
5539025	5539027	IS_AST_PARENT	
5539022	5539025	IS_AST_PARENT	
5539021	5539022	IS_AST_PARENT	
5539020	5539021	IS_AST_PARENT	
5539033	5539034	IS_AST_PARENT	
5539033	5539035	IS_AST_PARENT	
5539036	5539037	IS_AST_PARENT	
5539036	5539038	IS_AST_PARENT	
5539033	5539036	IS_AST_PARENT	
5539032	5539033	IS_AST_PARENT	
5539020	5539032	IS_AST_PARENT	
5539041	5539042	IS_AST_PARENT	
5539041	5539043	IS_AST_PARENT	
5539040	5539041	IS_AST_PARENT	
5539039	5539040	IS_AST_PARENT	
5539045	5539046	IS_AST_PARENT	
5539045	5539047	IS_AST_PARENT	
5539044	5539045	IS_AST_PARENT	
5539039	5539044	IS_AST_PARENT	
5539048	5539049	IS_AST_PARENT	
5539048	5539050	IS_AST_PARENT	
5539039	5539048	IS_AST_PARENT	
5539056	5539057	IS_AST_PARENT	
5539056	5539058	IS_AST_PARENT	
5539055	5539056	IS_AST_PARENT	
5539055	5539059	IS_AST_PARENT	
5539054	5539055	IS_AST_PARENT	
5539054	5539060	IS_AST_PARENT	
5539053	5539054	IS_AST_PARENT	
5539052	5539053	IS_AST_PARENT	
5539063	5539064	IS_AST_PARENT	
5539063	5539065	IS_AST_PARENT	
5539062	5539063	IS_AST_PARENT	
5539061	5539062	IS_AST_PARENT	
5539052	5539061	IS_AST_PARENT	
5539051	5539052	IS_AST_PARENT	
5539039	5539051	IS_AST_PARENT	
5539020	5539039	IS_AST_PARENT	
5539068	5539069	IS_AST_PARENT	
5539067	5539068	IS_AST_PARENT	
5539071	5539072	IS_AST_PARENT	
5539070	5539071	IS_AST_PARENT	
5539073	5539074	IS_AST_PARENT	
5539070	5539073	IS_AST_PARENT	
5539075	5539076	IS_AST_PARENT	
5539070	5539075	IS_AST_PARENT	
5539067	5539070	IS_AST_PARENT	
5539066	5539067	IS_AST_PARENT	
5539020	5539066	IS_AST_PARENT	
5538779	5539020	IS_AST_PARENT	
5538774	5538779	IS_AST_PARENT	
5538411	5538774	IS_AST_PARENT	
5539079	5539080	IS_AST_PARENT	
5539078	5539079	IS_AST_PARENT	
5539082	5539083	IS_AST_PARENT	
5539081	5539082	IS_AST_PARENT	
5539078	5539081	IS_AST_PARENT	
5539077	5539078	IS_AST_PARENT	
5538411	5539077	IS_AST_PARENT	
5539084	5539085	IS_AST_PARENT	
5538411	5539084	IS_AST_PARENT	
5538410	5538411	IS_AST_PARENT	
5538410	5539086	IS_AST_PARENT	
5538410	5539087	IS_AST_PARENT	
5539089	5539090	IS_AST_PARENT	
5539089	5539091	IS_AST_PARENT	
5539088	5539089	IS_AST_PARENT	
5539092	5539093	IS_AST_PARENT	
5539092	5539094	IS_AST_PARENT	
5539088	5539092	IS_AST_PARENT	
5539095	5539096	IS_AST_PARENT	
5539095	5539097	IS_AST_PARENT	
5539088	5539095	IS_AST_PARENT	
5538410	5539088	IS_AST_PARENT	
5539098	5539089	FLOWS_TO	
5539089	5539092	FLOWS_TO	
5539092	5539095	FLOWS_TO	
5539095	5538412	FLOWS_TO	
5538412	5538419	FLOWS_TO	
5538419	5538424	FLOWS_TO	
5538424	5538429	FLOWS_TO	
5538429	5538434	FLOWS_TO	
5538434	5538439	FLOWS_TO	
5538439	5538452	FLOWS_TO	
5538452	5538462	FLOWS_TO	
5538462	5538467	FLOWS_TO	
5538462	5538469	FLOWS_TO	
5538467	5539099	FLOWS_TO	
5538469	5538476	FLOWS_TO	
5538476	5538488	FLOWS_TO	
5538488	5538491	FLOWS_TO	
5538488	5538505	FLOWS_TO	
5538491	5538497	FLOWS_TO	
5538497	5538505	FLOWS_TO	
5538505	5538525	FLOWS_TO	
5538505	5538543	FLOWS_TO	
5538525	5538532	FLOWS_TO	
5538532	5538541	FLOWS_TO	
5538541	5539099	FLOWS_TO	
5538543	5538554	FLOWS_TO	
5538554	5538565	FLOWS_TO	
5538565	5538576	FLOWS_TO	
5538576	5538587	FLOWS_TO	
5538587	5538598	FLOWS_TO	
5538598	5538610	FLOWS_TO	
5538610	5538613	FLOWS_TO	
5538610	5538775	FLOWS_TO	
5538613	5538619	FLOWS_TO	
5538619	5538633	FLOWS_TO	
5538633	5538638	FLOWS_TO	
5538633	5538652	FLOWS_TO	
5538638	5538652	FLOWS_TO	
5538652	5538655	FLOWS_TO	
5538652	5538768	FLOWS_TO	
5538655	5538666	FLOWS_TO	
5538666	5538672	FLOWS_TO	
5538672	5538692	FLOWS_TO	
5538692	5538706	FLOWS_TO	
5538706	5538711	FLOWS_TO	
5538706	5538775	FLOWS_TO	
5538711	5538726	FLOWS_TO	
5538726	5538731	FLOWS_TO	
5538726	5538746	FLOWS_TO	
5538731	5538759	FLOWS_TO	
5538746	5538759	FLOWS_TO	
5538759	5538775	FLOWS_TO	
5538768	5538775	FLOWS_TO	
5538775	5538780	FLOWS_TO	
5538775	5539077	FLOWS_TO	
5538780	5538798	FLOWS_TO	
5538798	5538810	FLOWS_TO	
5538810	5538815	FLOWS_TO	
5538810	5538827	FLOWS_TO	
5538815	5538827	FLOWS_TO	
5538827	5538830	FLOWS_TO	
5538827	5539021	FLOWS_TO	
5538830	5538837	FLOWS_TO	
5538841	5538851	FLOWS_TO	
5538841	5538852	FLOWS_TO	
5538837	5538841	FLOWS_TO	
5538847	5538841	FLOWS_TO	
5538851	5538847	FLOWS_TO	
5538852	5538867	FLOWS_TO	
5538867	5538882	FLOWS_TO	
5538882	5538886	FLOWS_TO	
5538886	5538898	FLOWS_TO	
5538898	5538901	FLOWS_TO	
5538898	5539021	FLOWS_TO	
5538901	5538908	FLOWS_TO	
5538912	5538922	FLOWS_TO	
5538912	5538923	FLOWS_TO	
5538908	5538912	FLOWS_TO	
5538918	5538912	FLOWS_TO	
5538922	5538918	FLOWS_TO	
5538923	5538938	FLOWS_TO	
5538938	5538953	FLOWS_TO	
5538953	5538965	FLOWS_TO	
5538965	5538968	FLOWS_TO	
5538965	5539021	FLOWS_TO	
5538968	5538975	FLOWS_TO	
5538979	5538989	FLOWS_TO	
5538979	5538990	FLOWS_TO	
5538975	5538979	FLOWS_TO	
5538985	5538979	FLOWS_TO	
5538989	5538985	FLOWS_TO	
5538990	5539005	FLOWS_TO	
5539005	5539021	FLOWS_TO	
5539021	5539032	FLOWS_TO	
5539032	5539040	FLOWS_TO	
5539044	5539053	FLOWS_TO	
5539044	5539066	FLOWS_TO	
5539040	5539044	FLOWS_TO	
5539048	5539044	FLOWS_TO	
5539053	5539062	FLOWS_TO	
5539053	5539048	FLOWS_TO	
5539062	5539048	FLOWS_TO	
5539066	5539077	FLOWS_TO	
5539077	5539084	FLOWS_TO	
5539084	5539099	FLOWS_TO	
5538780	5539100	DEF	
5538793	5539100	DEF	
5538780	5539101	DEF	
5538789	5539101	DEF	
5538780	5539102	DEF	
5538785	5539102	DEF	
5539092	5539103	DEF	
5538452	5539103	USE	
5538459	5539103	USE	
5538532	5539103	USE	
5538539	5539103	USE	
5538439	5539104	DEF	
5538449	5539104	DEF	
5538619	5539104	DEF	
5538620	5539104	DEF	
5538633	5539104	USE	
5538638	5539104	DEF	
5538639	5539104	DEF	
5538652	5539104	USE	
5538655	5539104	USE	
5538662	5539104	USE	
5538672	5539104	USE	
5538677	5539104	USE	
5538476	5539105	USE	
5538477	5539105	USE	
5538598	5539105	USE	
5538599	5539105	USE	
5538798	5539105	USE	
5538799	5539105	USE	
5538815	5539105	USE	
5538816	5539105	USE	
5538886	5539105	USE	
5538887	5539105	USE	
5538953	5539105	USE	
5538954	5539105	USE	
5539032	5539106	DEF	
5539033	5539106	DEF	
5539036	5539106	DEF	
5539062	5539106	USE	
5539063	5539106	USE	
5539062	5539106	DEF	
5539063	5539106	DEF	
5539066	5539106	USE	
5539071	5539106	USE	
5539021	5539107	DEF	
5539025	5539107	DEF	
5539022	5539107	DEF	
5539053	5539107	USE	
5539056	5539107	USE	
5539066	5539107	USE	
5539073	5539107	USE	
5538505	5539108	USE	
5538513	5539108	USE	
5538672	5539108	USE	
5538683	5539108	USE	
5539053	5539109	USE	
5539055	5539109	USE	
5538491	5539110	DEF	
5538492	5539110	DEF	
5538613	5539110	DEF	
5538614	5539110	DEF	
5538666	5539110	DEF	
5538667	5539110	DEF	
5538768	5539110	DEF	
5538769	5539110	DEF	
5538830	5539110	DEF	
5538831	5539110	DEF	
5538841	5539110	USE	
5538901	5539110	DEF	
5538902	5539110	DEF	
5538912	5539110	USE	
5538968	5539110	DEF	
5538969	5539110	DEF	
5538979	5539110	USE	
5538419	5539111	DEF	
5538420	5539111	DEF	
5538780	5539111	USE	
5538782	5539111	USE	
5538852	5539111	USE	
5538857	5539111	USE	
5539021	5539111	USE	
5539025	5539111	USE	
5538424	5539112	DEF	
5538425	5539112	DEF	
5538780	5539112	USE	
5538786	5539112	USE	
5538867	5539112	USE	
5538872	5539112	USE	
5538923	5539112	USE	
5538928	5539112	USE	
5539021	5539112	USE	
5539025	5539112	USE	
5538429	5539113	DEF	
5538430	5539113	DEF	
5538780	5539113	USE	
5538790	5539113	USE	
5538938	5539113	USE	
5538943	5539113	USE	
5538990	5539113	USE	
5538995	5539113	USE	
5539021	5539113	USE	
5539025	5539113	USE	
5538434	5539114	DEF	
5538435	5539114	DEF	
5538780	5539114	USE	
5538794	5539114	USE	
5539005	5539114	USE	
5539010	5539114	USE	
5539021	5539114	USE	
5539025	5539114	USE	
5538780	5539115	DEF	
5538781	5539115	DEF	
5538655	5539116	USE	
5538656	5539116	USE	
5538711	5539117	DEF	
5538712	5539117	DEF	
5538715	5539117	DEF	
5538731	5539117	USE	
5538742	5539117	USE	
5538746	5539117	USE	
5538757	5539117	USE	
5538759	5539117	USE	
5538764	5539117	USE	
5538505	5539118	USE	
5538775	5539118	USE	
5539053	5539119	USE	
5538467	5539120	USE	
5538412	5539121	DEF	
5538413	5539121	DEF	
5539044	5539121	USE	
5539040	5539121	DEF	
5539041	5539121	DEF	
5539048	5539121	DEF	
5539048	5539121	USE	
5539053	5539121	USE	
5539056	5539121	USE	
5538439	5539122	DEF	
5538446	5539122	DEF	
5538882	5539122	DEF	
5538883	5539122	DEF	
5538923	5539122	USE	
5538930	5539122	USE	
5538990	5539122	USE	
5538997	5539122	USE	
5538412	5539123	DEF	
5538416	5539123	DEF	
5538655	5539123	DEF	
5538656	5539123	DEF	
5538706	5539123	USE	
5538726	5539123	USE	
5538731	5539123	USE	
5538740	5539123	USE	
5538746	5539123	USE	
5538755	5539123	USE	
5538439	5539124	DEF	
5538443	5539124	DEF	
5538476	5539124	DEF	
5538477	5539124	DEF	
5538488	5539124	USE	
5538491	5539124	USE	
5538493	5539124	USE	
5538598	5539124	DEF	
5538599	5539124	DEF	
5538610	5539124	USE	
5538613	5539124	USE	
5538615	5539124	USE	
5538666	5539124	USE	
5538668	5539124	USE	
5538672	5539124	USE	
5538689	5539124	USE	
5538681	5539124	USE	
5538692	5539124	DEF	
5538693	5539124	DEF	
5538706	5539124	USE	
5538711	5539124	USE	
5538721	5539124	USE	
5538731	5539124	USE	
5538736	5539124	USE	
5538746	5539124	USE	
5538751	5539124	USE	
5538768	5539124	USE	
5538770	5539124	USE	
5538798	5539124	DEF	
5538799	5539124	DEF	
5538810	5539124	USE	
5538815	5539124	DEF	
5538816	5539124	DEF	
5538827	5539124	USE	
5538830	5539124	USE	
5538832	5539124	USE	
5538841	5539124	USE	
5538843	5539124	USE	
5538847	5539124	DEF	
5538847	5539124	USE	
5538867	5539124	USE	
5538874	5539124	USE	
5538882	5539124	USE	
5538883	5539124	USE	
5538886	5539124	USE	
5538893	5539124	USE	
5538886	5539124	DEF	
5538887	5539124	DEF	
5538898	5539124	USE	
5538901	5539124	USE	
5538903	5539124	USE	
5538912	5539124	USE	
5538914	5539124	USE	
5538918	5539124	DEF	
5538918	5539124	USE	
5538938	5539124	USE	
5538945	5539124	USE	
5538953	5539124	USE	
5538960	5539124	USE	
5538953	5539124	DEF	
5538954	5539124	DEF	
5538965	5539124	USE	
5538968	5539124	USE	
5538970	5539124	USE	
5538979	5539124	USE	
5538981	5539124	USE	
5538985	5539124	DEF	
5538985	5539124	USE	
5539005	5539124	USE	
5539012	5539124	USE	
5539089	5539125	DEF	
5539095	5539126	DEF	
5538532	5539126	USE	
5538537	5539126	USE	
5539066	5539126	USE	
5539075	5539126	USE	
5538439	5539127	DEF	
5538440	5539127	DEF	
5538452	5539127	DEF	
5538453	5539127	DEF	
5538462	5539127	USE	
5538469	5539127	USE	
5538474	5539127	USE	
5538476	5539127	USE	
5538483	5539127	USE	
5538497	5539127	USE	
5538502	5539127	USE	
5538505	5539127	USE	
5538520	5539127	USE	
5538513	5539127	USE	
5538508	5539127	USE	
5538525	5539127	USE	
5538530	5539127	USE	
5538543	5539127	USE	
5538548	5539127	USE	
5538554	5539127	USE	
5538559	5539127	USE	
5538565	5539127	USE	
5538570	5539127	USE	
5538576	5539127	USE	
5538581	5539127	USE	
5538587	5539127	USE	
5538592	5539127	USE	
5538598	5539127	USE	
5538605	5539127	USE	
5538619	5539127	USE	
5538628	5539127	USE	
5538638	5539127	USE	
5538647	5539127	USE	
5538692	5539127	USE	
5538701	5539127	USE	
5538775	5539127	USE	
5538776	5539127	USE	
5538798	5539127	USE	
5538805	5539127	USE	
5538815	5539127	USE	
5538822	5539127	USE	
5538852	5539127	USE	
5538859	5539127	USE	
5539077	5539127	USE	
5539082	5539127	USE	
5539053	5539128	USE	
5539055	5539128	USE	
5538505	5539129	USE	
5539053	5539130	USE	
5538619	5539131	USE	
5538620	5539131	USE	
5538638	5539131	USE	
5538639	5539131	USE	
5538692	5539131	USE	
5538693	5539131	USE	
5538541	5539132	USE	
5539084	5539132	USE	
5538452	5539133	USE	
5538453	5539133	USE	
5538711	5539133	USE	
5538715	5539133	USE	
5538882	5538923	REACHES	optr
5538882	5538990	REACHES	optr
5539095	5538532	REACHES	str
5539095	5539066	REACHES	str
5539040	5539044	REACHES	i
5539048	5539044	REACHES	i
5539040	5539048	REACHES	i
5539048	5539048	REACHES	i
5539040	5539053	REACHES	i
5539048	5539053	REACHES	i
5538655	5538706	REACHES	n
5538655	5538726	REACHES	n
5538655	5538731	REACHES	n
5538655	5538746	REACHES	n
5538452	5538497	REACHES	buf
5538452	5538462	REACHES	buf
5538452	5538619	REACHES	buf
5538452	5538692	REACHES	buf
5538452	5538469	REACHES	buf
5538452	5538587	REACHES	buf
5538452	5538476	REACHES	buf
5538452	5538505	REACHES	buf
5538452	5538525	REACHES	buf
5538452	5538543	REACHES	buf
5538452	5538598	REACHES	buf
5538452	5538554	REACHES	buf
5538452	5538815	REACHES	buf
5538452	5538565	REACHES	buf
5538452	5538852	REACHES	buf
5538452	5538638	REACHES	buf
5538452	5538798	REACHES	buf
5538452	5539077	REACHES	buf
5538452	5538775	REACHES	buf
5538452	5538576	REACHES	buf
5539092	5538452	REACHES	data
5539092	5538532	REACHES	data
5538619	5538633	REACHES	num
5538638	5538652	REACHES	num
5538619	5538652	REACHES	num
5538638	5538655	REACHES	num
5538619	5538655	REACHES	num
5538638	5538672	REACHES	num
5538619	5538672	REACHES	num
5538830	5538841	REACHES	* ptr
5538901	5538912	REACHES	* ptr
5538968	5538979	REACHES	* ptr
5538419	5538780	REACHES	w0
5538419	5538852	REACHES	w0
5538419	5539021	REACHES	w0
5538424	5538780	REACHES	w1
5538424	5538867	REACHES	w1
5538424	5538923	REACHES	w1
5538424	5539021	REACHES	w1
5538429	5538780	REACHES	w2
5538429	5538938	REACHES	w2
5538429	5538990	REACHES	w2
5538429	5539021	REACHES	w2
5538434	5538780	REACHES	w3
5538434	5539005	REACHES	w3
5538434	5539021	REACHES	w3
5539062	5539062	REACHES	nw
5539032	5539062	REACHES	nw
5539062	5539066	REACHES	nw
5539032	5539066	REACHES	nw
5539021	5539053	REACHES	wa
5539021	5539066	REACHES	wa
5538711	5538731	REACHES	rest
5538711	5538746	REACHES	rest
5538711	5538759	REACHES	rest
5538476	5538491	REACHES	ptr
5538476	5538488	REACHES	ptr
5538598	5538610	REACHES	ptr
5538918	5538953	REACHES	ptr
5538847	5538847	REACHES	ptr
5538815	5538827	REACHES	ptr
5538798	5538886	REACHES	ptr
5538953	5538965	REACHES	ptr
5538815	5538882	REACHES	ptr
5538886	5538938	REACHES	ptr
5538985	5538979	REACHES	ptr
5538953	5538968	REACHES	ptr
5538798	5538830	REACHES	ptr
5538598	5538613	REACHES	ptr
5538598	5538666	REACHES	ptr
5538847	5538882	REACHES	ptr
5538815	5538886	REACHES	ptr
5538886	5538898	REACHES	ptr
5538815	5538847	REACHES	ptr
5538886	5538901	REACHES	ptr
5538598	5538768	REACHES	ptr
5538798	5538867	REACHES	ptr
5538815	5538830	REACHES	ptr
5538886	5538918	REACHES	ptr
5538798	5538810	REACHES	ptr
5538598	5538672	REACHES	ptr
5538953	5538979	REACHES	ptr
5538847	5538886	REACHES	ptr
5538918	5538918	REACHES	ptr
5538918	5538912	REACHES	ptr
5538886	5538912	REACHES	ptr
5538692	5538746	REACHES	ptr
5538847	5538867	REACHES	ptr
5538953	5538985	REACHES	ptr
5538798	5538841	REACHES	ptr
5538692	5538706	REACHES	ptr
5538847	5538841	REACHES	ptr
5538985	5538985	REACHES	ptr
5538985	5539005	REACHES	ptr
5538815	5538867	REACHES	ptr
5538886	5538953	REACHES	ptr
5538798	5538827	REACHES	ptr
5538953	5539005	REACHES	ptr
5538692	5538711	REACHES	ptr
5538692	5538731	REACHES	ptr
5538798	5538882	REACHES	ptr
5538815	5538841	REACHES	ptr
5538918	5538938	REACHES	ptr
5538798	5538847	REACHES	ptr
5539098	5539089	CONTROLS	
5539098	5539092	CONTROLS	
5539098	5539095	CONTROLS	
5539098	5538412	CONTROLS	
5539098	5538419	CONTROLS	
5539098	5538424	CONTROLS	
5539098	5538429	CONTROLS	
5539098	5538434	CONTROLS	
5539098	5538439	CONTROLS	
5539098	5538452	CONTROLS	
5539098	5538462	CONTROLS	
5538462	5538467	CONTROLS	
5538462	5538469	CONTROLS	
5538462	5538476	CONTROLS	
5538462	5538488	CONTROLS	
5538462	5538505	CONTROLS	
5538488	5538491	CONTROLS	
5538488	5538497	CONTROLS	
5538505	5538525	CONTROLS	
5538505	5538532	CONTROLS	
5538505	5538541	CONTROLS	
5538505	5538543	CONTROLS	
5538505	5538554	CONTROLS	
5538505	5538565	CONTROLS	
5538505	5538576	CONTROLS	
5538505	5538587	CONTROLS	
5538505	5538598	CONTROLS	
5538505	5538610	CONTROLS	
5538505	5538775	CONTROLS	
5538505	5539077	CONTROLS	
5538505	5539084	CONTROLS	
5538610	5538613	CONTROLS	
5538610	5538619	CONTROLS	
5538610	5538633	CONTROLS	
5538610	5538652	CONTROLS	
5538633	5538638	CONTROLS	
5538652	5538655	CONTROLS	
5538652	5538666	CONTROLS	
5538652	5538672	CONTROLS	
5538652	5538692	CONTROLS	
5538652	5538706	CONTROLS	
5538652	5538768	CONTROLS	
5538706	5538711	CONTROLS	
5538706	5538726	CONTROLS	
5538706	5538759	CONTROLS	
5538726	5538731	CONTROLS	
5538726	5538746	CONTROLS	
5538775	5538780	CONTROLS	
5538775	5538798	CONTROLS	
5538775	5538810	CONTROLS	
5538775	5538827	CONTROLS	
5538775	5539021	CONTROLS	
5538775	5539032	CONTROLS	
5538775	5539040	CONTROLS	
5538775	5539044	CONTROLS	
5538775	5539066	CONTROLS	
5538810	5538815	CONTROLS	
5538827	5538830	CONTROLS	
5538827	5538837	CONTROLS	
5538827	5538841	CONTROLS	
5538827	5538852	CONTROLS	
5538827	5538867	CONTROLS	
5538827	5538882	CONTROLS	
5538827	5538886	CONTROLS	
5538827	5538898	CONTROLS	
5538841	5538851	CONTROLS	
5538841	5538847	CONTROLS	
5538898	5538901	CONTROLS	
5538898	5538908	CONTROLS	
5538898	5538912	CONTROLS	
5538898	5538923	CONTROLS	
5538898	5538938	CONTROLS	
5538898	5538953	CONTROLS	
5538898	5538965	CONTROLS	
5538912	5538922	CONTROLS	
5538912	5538918	CONTROLS	
5538965	5538968	CONTROLS	
5538965	5538975	CONTROLS	
5538965	5538979	CONTROLS	
5538965	5538990	CONTROLS	
5538965	5539005	CONTROLS	
5538979	5538989	CONTROLS	
5538979	5538985	CONTROLS	
5539044	5539053	CONTROLS	
5539044	5539048	CONTROLS	
5539053	5539062	CONTROLS	
5538706	5538711	DOM	
5539077	5539084	DOM	
5538469	5538476	DOM	
5538975	5538979	DOM	
5538462	5538467	DOM	
5538505	5538543	DOM	
5538666	5538672	DOM	
5538652	5538768	DOM	
5538488	5538505	DOM	
5538554	5538565	DOM	
5538775	5538780	DOM	
5538901	5538908	DOM	
5539040	5539044	DOM	
5539095	5538412	DOM	
5538780	5538798	DOM	
5538837	5538841	DOM	
5538543	5538554	DOM	
5538711	5538726	DOM	
5538912	5538922	DOM	
5538953	5538965	DOM	
5538633	5538652	DOM	
5538619	5538633	DOM	
5538882	5538886	DOM	
5538610	5538775	DOM	
5539032	5539040	DOM	
5539053	5539062	DOM	
5538979	5538990	DOM	
5538990	5539005	DOM	
5538532	5538541	DOM	
5538525	5538532	DOM	
5538598	5538610	DOM	
5538726	5538746	DOM	
5538462	5538469	DOM	
5538452	5538462	DOM	
5538672	5538692	DOM	
5538923	5538938	DOM	
5538610	5538613	DOM	
5538851	5538847	DOM	
5539098	5539089	DOM	
5538775	5539077	DOM	
5538989	5538985	DOM	
5538965	5538968	DOM	
5539089	5539092	DOM	
5538462	5539099	DOM	
5538968	5538975	DOM	
5538867	5538882	DOM	
5539098	5539098	DOM	
5538424	5538429	DOM	
5538886	5538898	DOM	
5538938	5538953	DOM	
5538841	5538851	DOM	
5538726	5538759	DOM	
5539044	5539053	DOM	
5539053	5539048	DOM	
5538412	5538419	DOM	
5538652	5538655	DOM	
5538979	5538989	DOM	
5538912	5538923	DOM	
5538692	5538706	DOM	
5538830	5538837	DOM	
5538491	5538497	DOM	
5538810	5538827	DOM	
5538576	5538587	DOM	
5538852	5538867	DOM	
5538488	5538491	DOM	
5538810	5538815	DOM	
5538827	5538830	DOM	
5538439	5538452	DOM	
5538505	5538525	DOM	
5539021	5539032	DOM	
5539044	5539066	DOM	
5538434	5538439	DOM	
5539092	5539095	DOM	
5538476	5538488	DOM	
5538419	5538424	DOM	
5538798	5538810	DOM	
5538613	5538619	DOM	
5538908	5538912	DOM	
5538587	5538598	DOM	
5538898	5538901	DOM	
5538655	5538666	DOM	
5538565	5538576	DOM	
5538633	5538638	DOM	
5538429	5538434	DOM	
5538827	5539021	DOM	
5538922	5538918	DOM	
5538726	5538731	DOM	
5538841	5538852	DOM	
5539099	5539084	POST_DOM	
5538726	5538711	POST_DOM	
5538488	5538476	POST_DOM	
5538990	5538979	POST_DOM	
5539099	5538467	POST_DOM	
5538554	5538543	POST_DOM	
5538692	5538672	POST_DOM	
5538775	5538768	POST_DOM	
5539099	5538505	POST_DOM	
5538576	5538565	POST_DOM	
5539066	5539044	POST_DOM	
5538798	5538780	POST_DOM	
5538912	5538908	POST_DOM	
5538419	5538412	POST_DOM	
5538810	5538798	POST_DOM	
5538852	5538841	POST_DOM	
5538565	5538554	POST_DOM	
5538759	5538726	POST_DOM	
5538918	5538922	POST_DOM	
5539021	5538965	POST_DOM	
5538775	5538652	POST_DOM	
5538652	5538633	POST_DOM	
5538898	5538886	POST_DOM	
5539077	5538775	POST_DOM	
5539044	5539040	POST_DOM	
5539048	5539062	POST_DOM	
5539005	5538990	POST_DOM	
5539021	5539005	POST_DOM	
5539099	5538541	POST_DOM	
5538541	5538532	POST_DOM	
5538775	5538610	POST_DOM	
5538759	5538746	POST_DOM	
5538476	5538469	POST_DOM	
5539099	5538462	POST_DOM	
5538706	5538692	POST_DOM	
5538953	5538938	POST_DOM	
5538619	5538613	POST_DOM	
5538841	5538847	POST_DOM	
5539092	5539089	POST_DOM	
5539084	5539077	POST_DOM	
5538979	5538985	POST_DOM	
5538975	5538968	POST_DOM	
5539095	5539092	POST_DOM	
5539099	5539099	POST_DOM	
5538979	5538975	POST_DOM	
5538886	5538882	POST_DOM	
5538434	5538429	POST_DOM	
5539089	5539098	POST_DOM	
5539021	5538898	POST_DOM	
5538965	5538953	POST_DOM	
5538847	5538851	POST_DOM	
5538775	5538759	POST_DOM	
5539044	5539048	POST_DOM	
5539048	5539053	POST_DOM	
5538424	5538419	POST_DOM	
5538666	5538655	POST_DOM	
5538985	5538989	POST_DOM	
5538938	5538923	POST_DOM	
5538775	5538706	POST_DOM	
5538841	5538837	POST_DOM	
5538505	5538497	POST_DOM	
5539021	5538827	POST_DOM	
5538598	5538587	POST_DOM	
5538882	5538867	POST_DOM	
5538497	5538491	POST_DOM	
5538827	5538815	POST_DOM	
5538837	5538830	POST_DOM	
5538462	5538452	POST_DOM	
5538532	5538525	POST_DOM	
5539040	5539032	POST_DOM	
5539077	5539066	POST_DOM	
5538452	5538439	POST_DOM	
5538412	5539095	POST_DOM	
5538505	5538488	POST_DOM	
5538429	5538424	POST_DOM	
5538827	5538810	POST_DOM	
5538633	5538619	POST_DOM	
5538923	5538912	POST_DOM	
5538610	5538598	POST_DOM	
5538908	5538901	POST_DOM	
5538672	5538666	POST_DOM	
5538587	5538576	POST_DOM	
5538652	5538638	POST_DOM	
5538439	5538434	POST_DOM	
5539032	5539021	POST_DOM	
5538912	5538918	POST_DOM	
5538759	5538731	POST_DOM	
5538867	5538852	POST_DOM	
5538409	5538410	IS_FUNCTION_OF_AST	
5538409	5539098	IS_FUNCTION_OF_CFG	
5538081	5538409	IS_FILE_OF	
5539134	5539135	DECLARES	
5539136	5539137	DECLARES	
