start	end	type	var
534038	534039	DECLARES	
534040	534041	DECLARES	
534046	534047	IS_AST_PARENT	
534046	534048	IS_AST_PARENT	
534049	534050	IS_AST_PARENT	
534051	534052	IS_AST_PARENT	
534051	534053	IS_AST_PARENT	
534049	534051	IS_AST_PARENT	
534046	534049	IS_AST_PARENT	
534045	534046	IS_AST_PARENT	
534044	534045	IS_AST_PARENT	
534055	534056	IS_AST_PARENT	
534055	534057	IS_AST_PARENT	
534054	534055	IS_AST_PARENT	
534044	534054	IS_AST_PARENT	
534060	534061	IS_AST_PARENT	
534059	534060	IS_AST_PARENT	
534065	534066	IS_AST_PARENT	
534065	534067	IS_AST_PARENT	
534064	534065	IS_AST_PARENT	
534064	534068	IS_AST_PARENT	
534063	534064	IS_AST_PARENT	
534062	534063	IS_AST_PARENT	
534071	534072	IS_AST_PARENT	
534071	534073	IS_AST_PARENT	
534070	534071	IS_AST_PARENT	
534070	534074	IS_AST_PARENT	
534069	534070	IS_AST_PARENT	
534062	534069	IS_AST_PARENT	
534075	534076	IS_AST_PARENT	
534062	534075	IS_AST_PARENT	
534059	534062	IS_AST_PARENT	
534058	534059	IS_AST_PARENT	
534044	534058	IS_AST_PARENT	
534080	534081	IS_AST_PARENT	
534080	534082	IS_AST_PARENT	
534079	534080	IS_AST_PARENT	
534079	534083	IS_AST_PARENT	
534078	534079	IS_AST_PARENT	
534078	534084	IS_AST_PARENT	
534077	534078	IS_AST_PARENT	
534044	534077	IS_AST_PARENT	
534087	534088	IS_AST_PARENT	
534086	534087	IS_AST_PARENT	
534092	534093	IS_AST_PARENT	
534092	534094	IS_AST_PARENT	
534091	534092	IS_AST_PARENT	
534091	534095	IS_AST_PARENT	
534090	534091	IS_AST_PARENT	
534089	534090	IS_AST_PARENT	
534098	534099	IS_AST_PARENT	
534098	534100	IS_AST_PARENT	
534097	534098	IS_AST_PARENT	
534097	534101	IS_AST_PARENT	
534096	534097	IS_AST_PARENT	
534089	534096	IS_AST_PARENT	
534102	534103	IS_AST_PARENT	
534089	534102	IS_AST_PARENT	
534086	534089	IS_AST_PARENT	
534085	534086	IS_AST_PARENT	
534044	534085	IS_AST_PARENT	
534107	534108	IS_AST_PARENT	
534107	534109	IS_AST_PARENT	
534106	534107	IS_AST_PARENT	
534106	534110	IS_AST_PARENT	
534105	534106	IS_AST_PARENT	
534105	534111	IS_AST_PARENT	
534104	534105	IS_AST_PARENT	
534044	534104	IS_AST_PARENT	
534043	534044	IS_AST_PARENT	
534043	534112	IS_AST_PARENT	
534043	534113	IS_AST_PARENT	
534115	534116	IS_AST_PARENT	
534115	534117	IS_AST_PARENT	
534114	534115	IS_AST_PARENT	
534118	534119	IS_AST_PARENT	
534118	534120	IS_AST_PARENT	
534114	534118	IS_AST_PARENT	
534043	534114	IS_AST_PARENT	
534121	534115	FLOWS_TO	
534115	534118	FLOWS_TO	
534118	534045	FLOWS_TO	
534045	534054	FLOWS_TO	
534054	534058	FLOWS_TO	
534058	534077	FLOWS_TO	
534077	534085	FLOWS_TO	
534085	534104	FLOWS_TO	
534104	534122	FLOWS_TO	
534077	534123	USE	
534078	534123	USE	
534104	534123	USE	
534105	534123	USE	
534118	534124	DEF	
534045	534124	USE	
534049	534124	USE	
534058	534125	USE	
534063	534125	USE	
534064	534125	USE	
534069	534125	USE	
534077	534125	USE	
534079	534125	USE	
534085	534125	USE	
534091	534125	USE	
534096	534125	USE	
534090	534125	USE	
534104	534125	USE	
534106	534125	USE	
534045	534126	DEF	
534049	534126	DEF	
534046	534126	DEF	
534058	534126	USE	
534071	534126	USE	
534065	534126	USE	
534077	534126	USE	
534080	534126	USE	
534085	534126	USE	
534098	534126	USE	
534092	534126	USE	
534104	534126	USE	
534107	534126	USE	
534058	534127	USE	
534063	534127	USE	
534085	534127	USE	
534090	534127	USE	
534058	534128	USE	
534063	534128	USE	
534064	534128	USE	
534085	534128	USE	
534091	534128	USE	
534090	534128	USE	
534077	534129	DEF	
534078	534129	DEF	
534104	534129	DEF	
534105	534129	DEF	
534115	534130	DEF	
534077	534131	DEF	
534078	534131	DEF	
534104	534131	DEF	
534105	534131	DEF	
534058	534132	USE	
534069	534132	USE	
534077	534132	USE	
534079	534132	USE	
534085	534132	USE	
534096	534132	USE	
534104	534132	USE	
534106	534132	USE	
534118	534045	REACHES	data
534045	534058	REACHES	subst
534045	534077	REACHES	subst
534045	534085	REACHES	subst
534045	534104	REACHES	subst
534121	534115	CONTROLS	
534121	534118	CONTROLS	
534121	534045	CONTROLS	
534121	534054	CONTROLS	
534121	534058	CONTROLS	
534121	534077	CONTROLS	
534121	534085	CONTROLS	
534121	534104	CONTROLS	
534121	534115	DOM	
534115	534118	DOM	
534118	534045	DOM	
534045	534054	DOM	
534077	534085	DOM	
534104	534122	DOM	
534058	534077	DOM	
534054	534058	DOM	
534085	534104	DOM	
534121	534121	DOM	
534118	534115	POST_DOM	
534045	534118	POST_DOM	
534104	534085	POST_DOM	
534058	534054	POST_DOM	
534054	534045	POST_DOM	
534122	534122	POST_DOM	
534085	534077	POST_DOM	
534122	534104	POST_DOM	
534077	534058	POST_DOM	
534115	534121	POST_DOM	
534042	534043	IS_FUNCTION_OF_AST	
534042	534121	IS_FUNCTION_OF_CFG	
534037	534042	IS_FILE_OF	
534138	534139	IS_AST_PARENT	
534137	534138	IS_AST_PARENT	
534141	534142	IS_AST_PARENT	
534140	534141	IS_AST_PARENT	
534143	534144	IS_AST_PARENT	
534140	534143	IS_AST_PARENT	
534146	534147	IS_AST_PARENT	
534148	534149	IS_AST_PARENT	
534148	534150	IS_AST_PARENT	
534146	534148	IS_AST_PARENT	
534145	534146	IS_AST_PARENT	
534140	534145	IS_AST_PARENT	
534137	534140	IS_AST_PARENT	
534136	534137	IS_AST_PARENT	
534135	534136	IS_AST_PARENT	
534134	534135	IS_AST_PARENT	
534134	534151	IS_AST_PARENT	
534134	534152	IS_AST_PARENT	
534154	534155	IS_AST_PARENT	
534154	534156	IS_AST_PARENT	
534153	534154	IS_AST_PARENT	
534134	534153	IS_AST_PARENT	
534157	534154	FLOWS_TO	
534154	534136	FLOWS_TO	
534136	534158	FLOWS_TO	
534136	534159	USE	
534145	534159	USE	
534154	534160	DEF	
534136	534160	USE	
534148	534160	USE	
534141	534160	USE	
534154	534136	REACHES	pcidsi
534157	534154	CONTROLS	
534157	534136	CONTROLS	
534136	534158	DOM	
534157	534154	DOM	
534154	534136	DOM	
534157	534157	DOM	
534158	534158	POST_DOM	
534136	534154	POST_DOM	
534158	534136	POST_DOM	
534154	534157	POST_DOM	
534133	534134	IS_FUNCTION_OF_AST	
534133	534157	IS_FUNCTION_OF_CFG	
534037	534133	IS_FILE_OF	
534168	534169	IS_AST_PARENT	
534168	534170	IS_AST_PARENT	
534167	534168	IS_AST_PARENT	
534167	534171	IS_AST_PARENT	
534166	534167	IS_AST_PARENT	
534166	534172	IS_AST_PARENT	
534165	534166	IS_AST_PARENT	
534176	534177	IS_AST_PARENT	
534176	534178	IS_AST_PARENT	
534175	534176	IS_AST_PARENT	
534175	534179	IS_AST_PARENT	
534174	534175	IS_AST_PARENT	
534174	534180	IS_AST_PARENT	
534173	534174	IS_AST_PARENT	
534182	534183	IS_AST_PARENT	
534182	534184	IS_AST_PARENT	
534181	534182	IS_AST_PARENT	
534181	534185	IS_AST_PARENT	
534173	534181	IS_AST_PARENT	
534165	534173	IS_AST_PARENT	
534164	534165	IS_AST_PARENT	
534163	534164	IS_AST_PARENT	
534162	534163	IS_AST_PARENT	
534162	534186	IS_AST_PARENT	
534162	534187	IS_AST_PARENT	
534189	534190	IS_AST_PARENT	
534189	534191	IS_AST_PARENT	
534188	534189	IS_AST_PARENT	
534162	534188	IS_AST_PARENT	
534192	534189	FLOWS_TO	
534189	534164	FLOWS_TO	
534164	534193	FLOWS_TO	
534164	534194	USE	
534164	534195	USE	
534167	534195	USE	
534175	534195	USE	
534164	534196	USE	
534167	534196	USE	
534189	534197	DEF	
534164	534197	USE	
534168	534197	USE	
534176	534197	USE	
534182	534197	USE	
534164	534198	USE	
534164	534199	USE	
534164	534200	USE	
534175	534200	USE	
534189	534164	REACHES	pcidsi
534192	534189	CONTROLS	
534192	534164	CONTROLS	
534164	534193	DOM	
534192	534189	DOM	
534189	534164	DOM	
534192	534192	DOM	
534193	534193	POST_DOM	
534164	534189	POST_DOM	
534193	534164	POST_DOM	
534189	534192	POST_DOM	
534161	534162	IS_FUNCTION_OF_AST	
534161	534192	IS_FUNCTION_OF_CFG	
534037	534161	IS_FILE_OF	
534206	534207	IS_AST_PARENT	
534206	534208	IS_AST_PARENT	
534205	534206	IS_AST_PARENT	
534204	534205	IS_AST_PARENT	
534210	534211	IS_AST_PARENT	
534209	534210	IS_AST_PARENT	
534213	534214	IS_AST_PARENT	
534218	534219	IS_AST_PARENT	
534218	534220	IS_AST_PARENT	
534217	534218	IS_AST_PARENT	
534217	534221	IS_AST_PARENT	
534216	534217	IS_AST_PARENT	
534216	534222	IS_AST_PARENT	
534215	534216	IS_AST_PARENT	
534215	534223	IS_AST_PARENT	
534213	534215	IS_AST_PARENT	
534212	534213	IS_AST_PARENT	
534209	534212	IS_AST_PARENT	
534224	534225	IS_AST_PARENT	
534209	534224	IS_AST_PARENT	
534227	534228	IS_AST_PARENT	
534231	534232	IS_AST_PARENT	
534231	534233	IS_AST_PARENT	
534230	534231	IS_AST_PARENT	
534230	534234	IS_AST_PARENT	
534229	534230	IS_AST_PARENT	
534229	534235	IS_AST_PARENT	
534227	534229	IS_AST_PARENT	
534226	534227	IS_AST_PARENT	
534209	534226	IS_AST_PARENT	
534236	534237	IS_AST_PARENT	
534209	534236	IS_AST_PARENT	
534239	534240	IS_AST_PARENT	
534244	534245	IS_AST_PARENT	
534244	534246	IS_AST_PARENT	
534243	534244	IS_AST_PARENT	
534243	534247	IS_AST_PARENT	
534242	534243	IS_AST_PARENT	
534242	534248	IS_AST_PARENT	
534241	534242	IS_AST_PARENT	
534241	534249	IS_AST_PARENT	
534239	534241	IS_AST_PARENT	
534238	534239	IS_AST_PARENT	
534209	534238	IS_AST_PARENT	
534250	534251	IS_AST_PARENT	
534209	534250	IS_AST_PARENT	
534252	534253	IS_AST_PARENT	
534209	534252	IS_AST_PARENT	
534204	534209	IS_AST_PARENT	
534203	534204	IS_AST_PARENT	
534202	534203	IS_AST_PARENT	
534202	534254	IS_AST_PARENT	
534202	534255	IS_AST_PARENT	
534257	534258	IS_AST_PARENT	
534257	534259	IS_AST_PARENT	
534256	534257	IS_AST_PARENT	
534202	534256	IS_AST_PARENT	
534260	534257	FLOWS_TO	
534257	534205	FLOWS_TO	
534205	534210	FLOWS_TO	
534205	534250	FLOWS_TO	
534205	534236	FLOWS_TO	
534205	534224	FLOWS_TO	
534210	534212	FLOWS_TO	
534212	534261	FLOWS_TO	
534224	534226	FLOWS_TO	
534226	534261	FLOWS_TO	
534236	534238	FLOWS_TO	
534238	534261	FLOWS_TO	
534250	534252	FLOWS_TO	
534252	534261	FLOWS_TO	
534226	534262	USE	
534257	534263	DEF	
534205	534263	USE	
534206	534263	USE	
534212	534263	USE	
534217	534263	USE	
534226	534263	USE	
534230	534263	USE	
534238	534263	USE	
534243	534263	USE	
534212	534264	USE	
534226	534265	USE	
534229	534265	USE	
534212	534266	USE	
534238	534267	USE	
534212	534268	USE	
534216	534268	USE	
534215	534268	USE	
534238	534269	USE	
534205	534270	USE	
534212	534270	USE	
534216	534270	USE	
534215	534270	USE	
534226	534270	USE	
534229	534270	USE	
534238	534270	USE	
534242	534270	USE	
534241	534270	USE	
534205	534271	USE	
534238	534272	USE	
534241	534272	USE	
534238	534273	USE	
534212	534274	USE	
534215	534274	USE	
534226	534275	USE	
534212	534276	USE	
534238	534277	USE	
534241	534277	USE	
534242	534277	USE	
534257	534205	REACHES	pfont
534257	534212	REACHES	pfont
534257	534226	REACHES	pfont
534257	534238	REACHES	pfont
534260	534257	CONTROLS	
534260	534205	CONTROLS	
534205	534210	CONTROLS	
534205	534212	CONTROLS	
534205	534250	CONTROLS	
534205	534252	CONTROLS	
534205	534236	CONTROLS	
534205	534238	CONTROLS	
534205	534224	CONTROLS	
534205	534226	CONTROLS	
534205	534250	DOM	
534250	534252	DOM	
534210	534212	DOM	
534224	534226	DOM	
534205	534210	DOM	
534205	534261	DOM	
534205	534224	DOM	
534205	534236	DOM	
534260	534257	DOM	
534257	534205	DOM	
534260	534260	DOM	
534236	534238	DOM	
534252	534250	POST_DOM	
534261	534252	POST_DOM	
534261	534212	POST_DOM	
534261	534226	POST_DOM	
534261	534261	POST_DOM	
534212	534210	POST_DOM	
534226	534224	POST_DOM	
534238	534236	POST_DOM	
534205	534257	POST_DOM	
534261	534205	POST_DOM	
534257	534260	POST_DOM	
534261	534238	POST_DOM	
534201	534202	IS_FUNCTION_OF_AST	
534201	534260	IS_FUNCTION_OF_CFG	
534037	534201	IS_FILE_OF	
534284	534285	IS_AST_PARENT	
534284	534286	IS_AST_PARENT	
534283	534284	IS_AST_PARENT	
534287	534288	IS_AST_PARENT	
534287	534289	IS_AST_PARENT	
534283	534287	IS_AST_PARENT	
534282	534283	IS_AST_PARENT	
534281	534282	IS_AST_PARENT	
534290	534291	IS_AST_PARENT	
534281	534290	IS_AST_PARENT	
534280	534281	IS_AST_PARENT	
534296	534297	IS_AST_PARENT	
534296	534298	IS_AST_PARENT	
534295	534296	IS_AST_PARENT	
534295	534299	IS_AST_PARENT	
534294	534295	IS_AST_PARENT	
534301	534302	IS_AST_PARENT	
534301	534303	IS_AST_PARENT	
534300	534301	IS_AST_PARENT	
534300	534304	IS_AST_PARENT	
534294	534300	IS_AST_PARENT	
534293	534294	IS_AST_PARENT	
534292	534293	IS_AST_PARENT	
534305	534306	IS_AST_PARENT	
534292	534305	IS_AST_PARENT	
534280	534292	IS_AST_PARENT	
534311	534312	IS_AST_PARENT	
534311	534313	IS_AST_PARENT	
534310	534311	IS_AST_PARENT	
534310	534314	IS_AST_PARENT	
534309	534310	IS_AST_PARENT	
534316	534317	IS_AST_PARENT	
534316	534318	IS_AST_PARENT	
534315	534316	IS_AST_PARENT	
534315	534319	IS_AST_PARENT	
534309	534315	IS_AST_PARENT	
534308	534309	IS_AST_PARENT	
534307	534308	IS_AST_PARENT	
534320	534321	IS_AST_PARENT	
534307	534320	IS_AST_PARENT	
534280	534307	IS_AST_PARENT	
534325	534326	IS_AST_PARENT	
534324	534325	IS_AST_PARENT	
534330	534331	IS_AST_PARENT	
534330	534332	IS_AST_PARENT	
534329	534330	IS_AST_PARENT	
534329	534333	IS_AST_PARENT	
534328	534329	IS_AST_PARENT	
534327	534328	IS_AST_PARENT	
534336	534337	IS_AST_PARENT	
534336	534338	IS_AST_PARENT	
534335	534336	IS_AST_PARENT	
534335	534339	IS_AST_PARENT	
534334	534335	IS_AST_PARENT	
534327	534334	IS_AST_PARENT	
534342	534343	IS_AST_PARENT	
534342	534344	IS_AST_PARENT	
534341	534342	IS_AST_PARENT	
534341	534345	IS_AST_PARENT	
534340	534341	IS_AST_PARENT	
534327	534340	IS_AST_PARENT	
534324	534327	IS_AST_PARENT	
534323	534324	IS_AST_PARENT	
534322	534323	IS_AST_PARENT	
534346	534347	IS_AST_PARENT	
534322	534346	IS_AST_PARENT	
534280	534322	IS_AST_PARENT	
534351	534352	IS_AST_PARENT	
534350	534351	IS_AST_PARENT	
534356	534357	IS_AST_PARENT	
534356	534358	IS_AST_PARENT	
534355	534356	IS_AST_PARENT	
534355	534359	IS_AST_PARENT	
534354	534355	IS_AST_PARENT	
534353	534354	IS_AST_PARENT	
534362	534363	IS_AST_PARENT	
534362	534364	IS_AST_PARENT	
534361	534362	IS_AST_PARENT	
534361	534365	IS_AST_PARENT	
534360	534361	IS_AST_PARENT	
534353	534360	IS_AST_PARENT	
534368	534369	IS_AST_PARENT	
534368	534370	IS_AST_PARENT	
534367	534368	IS_AST_PARENT	
534367	534371	IS_AST_PARENT	
534366	534367	IS_AST_PARENT	
534353	534366	IS_AST_PARENT	
534350	534353	IS_AST_PARENT	
534349	534350	IS_AST_PARENT	
534348	534349	IS_AST_PARENT	
534372	534373	IS_AST_PARENT	
534348	534372	IS_AST_PARENT	
534280	534348	IS_AST_PARENT	
534374	534375	IS_AST_PARENT	
534280	534374	IS_AST_PARENT	
534279	534280	IS_AST_PARENT	
534279	534376	IS_AST_PARENT	
534279	534377	IS_AST_PARENT	
534379	534380	IS_AST_PARENT	
534379	534381	IS_AST_PARENT	
534378	534379	IS_AST_PARENT	
534382	534383	IS_AST_PARENT	
534382	534384	IS_AST_PARENT	
534378	534382	IS_AST_PARENT	
534279	534378	IS_AST_PARENT	
534385	534379	FLOWS_TO	
534379	534382	FLOWS_TO	
534382	534282	FLOWS_TO	
534282	534290	FLOWS_TO	
534282	534293	FLOWS_TO	
534290	534386	FLOWS_TO	
534293	534305	FLOWS_TO	
534293	534308	FLOWS_TO	
534305	534386	FLOWS_TO	
534308	534320	FLOWS_TO	
534308	534323	FLOWS_TO	
534320	534386	FLOWS_TO	
534323	534346	FLOWS_TO	
534323	534349	FLOWS_TO	
534346	534386	FLOWS_TO	
534349	534372	FLOWS_TO	
534349	534374	FLOWS_TO	
534372	534386	FLOWS_TO	
534374	534386	FLOWS_TO	
534308	534387	USE	
534349	534387	USE	
534366	534387	USE	
534282	534388	USE	
534308	534389	USE	
534293	534390	USE	
534290	534391	USE	
534305	534391	USE	
534320	534391	USE	
534346	534391	USE	
534372	534391	USE	
534308	534392	USE	
534310	534392	USE	
534349	534392	USE	
534354	534392	USE	
534366	534392	USE	
534355	534392	USE	
534367	534392	USE	
534349	534393	USE	
534360	534393	USE	
534349	534394	USE	
534354	534394	USE	
534323	534395	USE	
534349	534395	USE	
534323	534396	USE	
534334	534396	USE	
534293	534397	USE	
534300	534397	USE	
534323	534397	USE	
534335	534397	USE	
534334	534397	USE	
534293	534398	USE	
534300	534398	USE	
534308	534398	USE	
534315	534398	USE	
534323	534398	USE	
534335	534398	USE	
534334	534398	USE	
534349	534398	USE	
534361	534398	USE	
534360	534398	USE	
534308	534399	USE	
534315	534399	USE	
534349	534399	USE	
534361	534399	USE	
534360	534399	USE	
534293	534400	USE	
534295	534400	USE	
534308	534400	USE	
534310	534400	USE	
534323	534400	USE	
534329	534400	USE	
534328	534400	USE	
534340	534400	USE	
534341	534400	USE	
534349	534400	USE	
534355	534400	USE	
534366	534400	USE	
534354	534400	USE	
534367	534400	USE	
534382	534401	DEF	
534282	534401	USE	
534293	534401	USE	
534301	534401	USE	
534308	534401	USE	
534316	534401	USE	
534323	534401	USE	
534336	534401	USE	
534349	534401	USE	
534362	534401	USE	
534374	534402	USE	
534379	534403	DEF	
534282	534403	USE	
534293	534403	USE	
534296	534403	USE	
534308	534403	USE	
534311	534403	USE	
534323	534403	USE	
534330	534403	USE	
534342	534403	USE	
534349	534403	USE	
534368	534403	USE	
534356	534403	USE	
534293	534404	USE	
534295	534404	USE	
534323	534404	USE	
534340	534404	USE	
534328	534404	USE	
534341	534404	USE	
534329	534404	USE	
534323	534405	USE	
534328	534405	USE	
534293	534406	USE	
534323	534406	USE	
534340	534406	USE	
534382	534282	REACHES	info1
534382	534293	REACHES	info1
534382	534308	REACHES	info1
534382	534323	REACHES	info1
534382	534349	REACHES	info1
534379	534282	REACHES	info0
534379	534293	REACHES	info0
534379	534308	REACHES	info0
534379	534323	REACHES	info0
534379	534349	REACHES	info0
534385	534379	CONTROLS	
534385	534382	CONTROLS	
534385	534282	CONTROLS	
534282	534290	CONTROLS	
534282	534293	CONTROLS	
534293	534305	CONTROLS	
534293	534308	CONTROLS	
534308	534320	CONTROLS	
534308	534323	CONTROLS	
534323	534346	CONTROLS	
534323	534349	CONTROLS	
534349	534372	CONTROLS	
534349	534374	CONTROLS	
534293	534305	DOM	
534282	534293	DOM	
534308	534320	DOM	
534282	534386	DOM	
534349	534374	DOM	
534293	534308	DOM	
534282	534290	DOM	
534385	534379	DOM	
534349	534372	DOM	
534382	534282	DOM	
534323	534349	DOM	
534379	534382	DOM	
534308	534323	DOM	
534385	534385	DOM	
534323	534346	DOM	
534386	534305	POST_DOM	
534386	534293	POST_DOM	
534386	534320	POST_DOM	
534386	534386	POST_DOM	
534386	534374	POST_DOM	
534386	534308	POST_DOM	
534386	534290	POST_DOM	
534382	534379	POST_DOM	
534386	534372	POST_DOM	
534386	534282	POST_DOM	
534386	534349	POST_DOM	
534282	534382	POST_DOM	
534386	534323	POST_DOM	
534379	534385	POST_DOM	
534386	534346	POST_DOM	
534278	534279	IS_FUNCTION_OF_AST	
534278	534385	IS_FUNCTION_OF_CFG	
534037	534278	IS_FILE_OF	
534409	534410	IS_AST_PARENT	
534409	534411	IS_AST_PARENT	
534409	534412	IS_AST_PARENT	
534414	534415	IS_AST_PARENT	
534416	534417	IS_AST_PARENT	
534416	534418	IS_AST_PARENT	
534414	534416	IS_AST_PARENT	
534413	534414	IS_AST_PARENT	
534409	534413	IS_AST_PARENT	
534422	534423	IS_AST_PARENT	
534422	534424	IS_AST_PARENT	
534421	534422	IS_AST_PARENT	
534427	534428	IS_AST_PARENT	
534427	534429	IS_AST_PARENT	
534426	534427	IS_AST_PARENT	
534426	534430	IS_AST_PARENT	
534425	534426	IS_AST_PARENT	
534425	534431	IS_AST_PARENT	
534421	534425	IS_AST_PARENT	
534420	534421	IS_AST_PARENT	
534419	534420	IS_AST_PARENT	
534434	534435	IS_AST_PARENT	
534434	534436	IS_AST_PARENT	
534433	534434	IS_AST_PARENT	
534432	534433	IS_AST_PARENT	
534438	534439	IS_AST_PARENT	
534438	534440	IS_AST_PARENT	
534437	534438	IS_AST_PARENT	
534432	534437	IS_AST_PARENT	
534442	534443	IS_AST_PARENT	
534442	534444	IS_AST_PARENT	
534445	534446	IS_AST_PARENT	
534447	534448	IS_AST_PARENT	
534449	534450	IS_AST_PARENT	
534452	534453	IS_AST_PARENT	
534452	534454	IS_AST_PARENT	
534451	534452	IS_AST_PARENT	
534451	534455	IS_AST_PARENT	
534449	534451	IS_AST_PARENT	
534447	534449	IS_AST_PARENT	
534445	534447	IS_AST_PARENT	
534442	534445	IS_AST_PARENT	
534441	534442	IS_AST_PARENT	
534432	534441	IS_AST_PARENT	
534457	534458	IS_AST_PARENT	
534457	534459	IS_AST_PARENT	
534456	534457	IS_AST_PARENT	
534432	534456	IS_AST_PARENT	
534462	534463	IS_AST_PARENT	
534462	534464	IS_AST_PARENT	
534461	534462	IS_AST_PARENT	
534465	534466	IS_AST_PARENT	
534465	534467	IS_AST_PARENT	
534461	534465	IS_AST_PARENT	
534460	534461	IS_AST_PARENT	
534432	534460	IS_AST_PARENT	
534469	534470	IS_AST_PARENT	
534474	534475	IS_AST_PARENT	
534474	534476	IS_AST_PARENT	
534473	534474	IS_AST_PARENT	
534473	534477	IS_AST_PARENT	
534472	534473	IS_AST_PARENT	
534471	534472	IS_AST_PARENT	
534480	534481	IS_AST_PARENT	
534480	534482	IS_AST_PARENT	
534479	534480	IS_AST_PARENT	
534478	534479	IS_AST_PARENT	
534483	534484	IS_AST_PARENT	
534478	534483	IS_AST_PARENT	
534486	534487	IS_AST_PARENT	
534486	534488	IS_AST_PARENT	
534485	534486	IS_AST_PARENT	
534478	534485	IS_AST_PARENT	
534490	534491	IS_AST_PARENT	
534490	534492	IS_AST_PARENT	
534489	534490	IS_AST_PARENT	
534478	534489	IS_AST_PARENT	
534471	534478	IS_AST_PARENT	
534469	534471	IS_AST_PARENT	
534468	534469	IS_AST_PARENT	
534432	534468	IS_AST_PARENT	
534496	534497	IS_AST_PARENT	
534496	534498	IS_AST_PARENT	
534495	534496	IS_AST_PARENT	
534501	534502	IS_AST_PARENT	
534501	534503	IS_AST_PARENT	
534500	534501	IS_AST_PARENT	
534500	534504	IS_AST_PARENT	
534499	534500	IS_AST_PARENT	
534499	534505	IS_AST_PARENT	
534495	534499	IS_AST_PARENT	
534494	534495	IS_AST_PARENT	
534493	534494	IS_AST_PARENT	
534493	534506	IS_AST_PARENT	
534432	534493	IS_AST_PARENT	
534509	534510	IS_AST_PARENT	
534509	534511	IS_AST_PARENT	
534508	534509	IS_AST_PARENT	
534508	534512	IS_AST_PARENT	
534507	534508	IS_AST_PARENT	
534432	534507	IS_AST_PARENT	
534515	534516	IS_AST_PARENT	
534514	534515	IS_AST_PARENT	
534519	534520	IS_AST_PARENT	
534519	534521	IS_AST_PARENT	
534518	534519	IS_AST_PARENT	
534517	534518	IS_AST_PARENT	
534522	534523	IS_AST_PARENT	
534517	534522	IS_AST_PARENT	
534514	534517	IS_AST_PARENT	
534513	534514	IS_AST_PARENT	
534432	534513	IS_AST_PARENT	
534524	534525	IS_AST_PARENT	
534432	534524	IS_AST_PARENT	
534419	534432	IS_AST_PARENT	
534409	534419	IS_AST_PARENT	
534528	534529	IS_AST_PARENT	
534528	534530	IS_AST_PARENT	
534527	534528	IS_AST_PARENT	
534527	534531	IS_AST_PARENT	
534526	534527	IS_AST_PARENT	
534409	534526	IS_AST_PARENT	
534532	534533	IS_AST_PARENT	
534409	534532	IS_AST_PARENT	
534408	534409	IS_AST_PARENT	
534408	534534	IS_AST_PARENT	
534408	534535	IS_AST_PARENT	
534537	534538	IS_AST_PARENT	
534537	534539	IS_AST_PARENT	
534536	534537	IS_AST_PARENT	
534540	534541	IS_AST_PARENT	
534540	534542	IS_AST_PARENT	
534536	534540	IS_AST_PARENT	
534543	534544	IS_AST_PARENT	
534543	534545	IS_AST_PARENT	
534536	534543	IS_AST_PARENT	
534546	534547	IS_AST_PARENT	
534546	534548	IS_AST_PARENT	
534536	534546	IS_AST_PARENT	
534408	534536	IS_AST_PARENT	
534549	534537	FLOWS_TO	
534537	534540	FLOWS_TO	
534540	534543	FLOWS_TO	
534543	534546	FLOWS_TO	
534546	534410	FLOWS_TO	
534410	534411	FLOWS_TO	
534411	534412	FLOWS_TO	
534412	534413	FLOWS_TO	
534413	534420	FLOWS_TO	
534420	534433	FLOWS_TO	
534420	534526	FLOWS_TO	
534433	534437	FLOWS_TO	
534437	534441	FLOWS_TO	
534441	534456	FLOWS_TO	
534456	534460	FLOWS_TO	
534460	534468	FLOWS_TO	
534468	534494	FLOWS_TO	
534494	534506	FLOWS_TO	
534494	534507	FLOWS_TO	
534506	534420	FLOWS_TO	
534507	534513	FLOWS_TO	
534513	534524	FLOWS_TO	
534524	534550	FLOWS_TO	
534526	534532	FLOWS_TO	
534532	534550	FLOWS_TO	
534546	534551	DEF	
534507	534551	USE	
534509	534551	USE	
534456	534552	DEF	
534457	534552	DEF	
534468	534552	DEF	
534469	534552	DEF	
534494	534552	USE	
534468	534553	USE	
534469	534553	USE	
534420	534554	USE	
534425	534554	USE	
534460	534555	USE	
534461	534555	USE	
534413	534556	DEF	
534414	534556	DEF	
534420	534556	USE	
534427	534556	USE	
534460	534556	USE	
534465	534556	USE	
534468	534556	USE	
534479	534556	USE	
534474	534556	USE	
534507	534557	DEF	
534508	534557	DEF	
534420	534558	USE	
534494	534559	USE	
534500	534559	USE	
534420	534560	USE	
534441	534560	DEF	
534451	534560	DEF	
534441	534560	USE	
534451	534560	USE	
534526	534560	DEF	
534527	534560	DEF	
534433	534561	DEF	
534434	534561	DEF	
534460	534561	DEF	
534461	534561	DEF	
534460	534561	USE	
534462	534561	USE	
534494	534561	USE	
534500	534561	USE	
534501	534561	USE	
534543	534562	DEF	
534420	534563	USE	
534426	534563	USE	
534425	534563	USE	
534468	534563	USE	
534473	534563	USE	
534469	534563	USE	
534420	534564	USE	
534425	534564	USE	
534426	534564	USE	
534460	534564	USE	
534461	534564	USE	
534468	534564	USE	
534473	534564	USE	
534469	534564	USE	
534441	534565	DEF	
534445	534565	DEF	
534442	534565	DEF	
534468	534565	USE	
534483	534565	USE	
534507	534565	USE	
534508	534565	USE	
534468	534566	USE	
534485	534566	USE	
534513	534566	USE	
534518	534566	USE	
534437	534567	DEF	
534438	534567	DEF	
534468	534568	USE	
534489	534568	USE	
534540	534569	DEF	
534420	534569	USE	
534422	534569	USE	
534441	534569	USE	
534452	534569	USE	
534526	534569	USE	
534528	534569	USE	
534494	534570	USE	
534441	534571	USE	
534445	534571	USE	
534537	534572	DEF	
534413	534572	USE	
534414	534572	USE	
534460	534573	DEF	
534461	534573	DEF	
534546	534507	REACHES	pglyph
534468	534494	REACHES	code
534413	534420	REACHES	pfont
534413	534460	REACHES	pfont
534413	534468	REACHES	pfont
534507	534550	REACHES	* pglyph
534441	534550	REACHES	* pindex
534526	534550	REACHES	* pindex
534441	534420	REACHES	* pindex
534441	534441	REACHES	* pindex
534433	534460	REACHES	gdata
534460	534494	REACHES	gdata
534441	534468	REACHES	glyph
534441	534507	REACHES	glyph
534540	534420	REACHES	pindex
534540	534441	REACHES	pindex
534540	534526	REACHES	pindex
534537	534413	REACHES	font
534549	534537	CONTROLS	
534549	534540	CONTROLS	
534549	534543	CONTROLS	
534549	534546	CONTROLS	
534549	534410	CONTROLS	
534549	534411	CONTROLS	
534549	534412	CONTROLS	
534549	534413	CONTROLS	
534549	534420	CONTROLS	
534420	534433	CONTROLS	
534420	534437	CONTROLS	
534420	534441	CONTROLS	
534420	534456	CONTROLS	
534420	534460	CONTROLS	
534420	534468	CONTROLS	
534420	534494	CONTROLS	
534420	534526	CONTROLS	
534420	534532	CONTROLS	
534494	534506	CONTROLS	
534494	534420	CONTROLS	
534494	534507	CONTROLS	
534494	534513	CONTROLS	
534494	534524	CONTROLS	
534441	534456	DOM	
534513	534524	DOM	
534420	534526	DOM	
534526	534532	DOM	
534413	534420	DOM	
534540	534543	DOM	
534456	534460	DOM	
534433	534437	DOM	
534494	534506	DOM	
534412	534413	DOM	
534420	534433	DOM	
534507	534513	DOM	
534410	534411	DOM	
534437	534441	DOM	
534460	534468	DOM	
534420	534550	DOM	
534549	534549	DOM	
534546	534410	DOM	
534411	534412	DOM	
534494	534507	DOM	
534549	534537	DOM	
534543	534546	DOM	
534468	534494	DOM	
534537	534540	DOM	
534550	534524	POST_DOM	
534460	534456	POST_DOM	
534550	534532	POST_DOM	
534532	534526	POST_DOM	
534550	534420	POST_DOM	
534546	534543	POST_DOM	
534468	534460	POST_DOM	
534441	534437	POST_DOM	
534420	534506	POST_DOM	
534420	534413	POST_DOM	
534524	534513	POST_DOM	
534437	534433	POST_DOM	
534412	534411	POST_DOM	
534456	534441	POST_DOM	
534494	534468	POST_DOM	
534550	534550	POST_DOM	
534411	534410	POST_DOM	
534537	534549	POST_DOM	
534413	534412	POST_DOM	
534513	534507	POST_DOM	
534540	534537	POST_DOM	
534410	534546	POST_DOM	
534550	534494	POST_DOM	
534543	534540	POST_DOM	
534407	534408	IS_FUNCTION_OF_AST	
534407	534549	IS_FUNCTION_OF_CFG	
534037	534407	IS_FILE_OF	
534576	534577	IS_AST_PARENT	
534576	534578	IS_AST_PARENT	
534576	534579	IS_AST_PARENT	
534581	534582	IS_AST_PARENT	
534583	534584	IS_AST_PARENT	
534583	534585	IS_AST_PARENT	
534581	534583	IS_AST_PARENT	
534580	534581	IS_AST_PARENT	
534576	534580	IS_AST_PARENT	
534589	534590	IS_AST_PARENT	
534589	534591	IS_AST_PARENT	
534588	534589	IS_AST_PARENT	
534588	534592	IS_AST_PARENT	
534587	534588	IS_AST_PARENT	
534586	534587	IS_AST_PARENT	
534596	534597	IS_AST_PARENT	
534595	534596	IS_AST_PARENT	
534600	534601	IS_AST_PARENT	
534600	534602	IS_AST_PARENT	
534599	534600	IS_AST_PARENT	
534598	534599	IS_AST_PARENT	
534603	534604	IS_AST_PARENT	
534598	534603	IS_AST_PARENT	
534606	534607	IS_AST_PARENT	
534606	534608	IS_AST_PARENT	
534605	534606	IS_AST_PARENT	
534598	534605	IS_AST_PARENT	
534595	534598	IS_AST_PARENT	
534594	534595	IS_AST_PARENT	
534593	534594	IS_AST_PARENT	
534609	534610	IS_AST_PARENT	
534593	534609	IS_AST_PARENT	
534586	534593	IS_AST_PARENT	
534576	534586	IS_AST_PARENT	
534612	534613	IS_AST_PARENT	
534616	534617	IS_AST_PARENT	
534616	534618	IS_AST_PARENT	
534615	534616	IS_AST_PARENT	
534615	534619	IS_AST_PARENT	
534614	534615	IS_AST_PARENT	
534614	534620	IS_AST_PARENT	
534612	534614	IS_AST_PARENT	
534611	534612	IS_AST_PARENT	
534576	534611	IS_AST_PARENT	
534575	534576	IS_AST_PARENT	
534575	534621	IS_AST_PARENT	
534575	534622	IS_AST_PARENT	
534624	534625	IS_AST_PARENT	
534624	534626	IS_AST_PARENT	
534623	534624	IS_AST_PARENT	
534627	534628	IS_AST_PARENT	
534627	534629	IS_AST_PARENT	
534623	534627	IS_AST_PARENT	
534575	534623	IS_AST_PARENT	
534630	534624	FLOWS_TO	
534624	534627	FLOWS_TO	
534627	534577	FLOWS_TO	
534577	534578	FLOWS_TO	
534578	534579	FLOWS_TO	
534579	534580	FLOWS_TO	
534580	534587	FLOWS_TO	
534587	534594	FLOWS_TO	
534587	534611	FLOWS_TO	
534594	534609	FLOWS_TO	
534609	534631	FLOWS_TO	
534611	534631	FLOWS_TO	
534611	534632	USE	
534611	534633	USE	
534614	534633	USE	
534580	534634	DEF	
534581	534634	DEF	
534611	534634	USE	
534616	534634	USE	
534587	534635	USE	
534611	534636	USE	
534611	534637	USE	
534611	534638	USE	
534614	534638	USE	
534615	534638	USE	
534611	534639	USE	
534615	534639	USE	
534614	534639	USE	
534594	534640	USE	
534599	534640	USE	
534611	534641	USE	
534587	534642	USE	
534594	534642	USE	
534605	534642	USE	
534627	534643	DEF	
534611	534643	USE	
534614	534643	USE	
534587	534644	USE	
534594	534644	USE	
534605	534644	USE	
534599	534644	USE	
534624	534645	DEF	
534580	534645	USE	
534581	534645	USE	
534587	534645	USE	
534589	534645	USE	
534594	534645	USE	
534600	534645	USE	
534606	534645	USE	
534580	534611	REACHES	pfont
534627	534611	REACHES	fidx
534624	534580	REACHES	font
534624	534587	REACHES	font
534624	534594	REACHES	font
534630	534624	CONTROLS	
534630	534627	CONTROLS	
534630	534577	CONTROLS	
534630	534578	CONTROLS	
534630	534579	CONTROLS	
534630	534580	CONTROLS	
534630	534587	CONTROLS	
534587	534594	CONTROLS	
534587	534609	CONTROLS	
534587	534611	CONTROLS	
534627	534577	DOM	
534630	534624	DOM	
534624	534627	DOM	
534630	534630	DOM	
534587	534611	DOM	
534579	534580	DOM	
534580	534587	DOM	
534587	534594	DOM	
534594	534609	DOM	
534587	534631	DOM	
534578	534579	DOM	
534577	534578	DOM	
534578	534577	POST_DOM	
534627	534624	POST_DOM	
534577	534627	POST_DOM	
534624	534630	POST_DOM	
534631	534611	POST_DOM	
534587	534580	POST_DOM	
534609	534594	POST_DOM	
534631	534587	POST_DOM	
534631	534609	POST_DOM	
534631	534631	POST_DOM	
534580	534579	POST_DOM	
534579	534578	POST_DOM	
534574	534575	IS_FUNCTION_OF_AST	
534574	534630	IS_FUNCTION_OF_CFG	
534037	534574	IS_FILE_OF	
534648	534649	IS_AST_PARENT	
534648	534650	IS_AST_PARENT	
534648	534651	IS_AST_PARENT	
534653	534654	IS_AST_PARENT	
534655	534656	IS_AST_PARENT	
534655	534657	IS_AST_PARENT	
534653	534655	IS_AST_PARENT	
534652	534653	IS_AST_PARENT	
534648	534652	IS_AST_PARENT	
534659	534660	IS_AST_PARENT	
534659	534661	IS_AST_PARENT	
534658	534659	IS_AST_PARENT	
534648	534658	IS_AST_PARENT	
534665	534666	IS_AST_PARENT	
534665	534667	IS_AST_PARENT	
534664	534665	IS_AST_PARENT	
534664	534668	IS_AST_PARENT	
534663	534664	IS_AST_PARENT	
534662	534663	IS_AST_PARENT	
534672	534673	IS_AST_PARENT	
534671	534672	IS_AST_PARENT	
534676	534677	IS_AST_PARENT	
534676	534678	IS_AST_PARENT	
534675	534676	IS_AST_PARENT	
534674	534675	IS_AST_PARENT	
534679	534680	IS_AST_PARENT	
534674	534679	IS_AST_PARENT	
534682	534683	IS_AST_PARENT	
534682	534684	IS_AST_PARENT	
534681	534682	IS_AST_PARENT	
534674	534681	IS_AST_PARENT	
534671	534674	IS_AST_PARENT	
534670	534671	IS_AST_PARENT	
534669	534670	IS_AST_PARENT	
534685	534686	IS_AST_PARENT	
534669	534685	IS_AST_PARENT	
534662	534669	IS_AST_PARENT	
534648	534662	IS_AST_PARENT	
534689	534690	IS_AST_PARENT	
534689	534691	IS_AST_PARENT	
534688	534689	IS_AST_PARENT	
534687	534688	IS_AST_PARENT	
534693	534694	IS_AST_PARENT	
534696	534697	IS_AST_PARENT	
534696	534698	IS_AST_PARENT	
534695	534696	IS_AST_PARENT	
534695	534699	IS_AST_PARENT	
534693	534695	IS_AST_PARENT	
534692	534693	IS_AST_PARENT	
534687	534692	IS_AST_PARENT	
534700	534701	IS_AST_PARENT	
534700	534702	IS_AST_PARENT	
534687	534700	IS_AST_PARENT	
534707	534708	IS_AST_PARENT	
534711	534712	IS_AST_PARENT	
534711	534713	IS_AST_PARENT	
534710	534711	IS_AST_PARENT	
534710	534714	IS_AST_PARENT	
534709	534710	IS_AST_PARENT	
534709	534715	IS_AST_PARENT	
534707	534709	IS_AST_PARENT	
534706	534707	IS_AST_PARENT	
534706	534716	IS_AST_PARENT	
534705	534706	IS_AST_PARENT	
534705	534717	IS_AST_PARENT	
534704	534705	IS_AST_PARENT	
534703	534704	IS_AST_PARENT	
534718	534719	IS_AST_PARENT	
534703	534718	IS_AST_PARENT	
534687	534703	IS_AST_PARENT	
534648	534687	IS_AST_PARENT	
534720	534721	IS_AST_PARENT	
534648	534720	IS_AST_PARENT	
534647	534648	IS_AST_PARENT	
534647	534722	IS_AST_PARENT	
534647	534723	IS_AST_PARENT	
534725	534726	IS_AST_PARENT	
534725	534727	IS_AST_PARENT	
534724	534725	IS_AST_PARENT	
534647	534724	IS_AST_PARENT	
534728	534725	FLOWS_TO	
534725	534649	FLOWS_TO	
534649	534650	FLOWS_TO	
534650	534651	FLOWS_TO	
534651	534652	FLOWS_TO	
534652	534658	FLOWS_TO	
534658	534663	FLOWS_TO	
534663	534670	FLOWS_TO	
534663	534688	FLOWS_TO	
534670	534685	FLOWS_TO	
534685	534729	FLOWS_TO	
534692	534704	FLOWS_TO	
534692	534720	FLOWS_TO	
534688	534692	FLOWS_TO	
534700	534692	FLOWS_TO	
534704	534718	FLOWS_TO	
534704	534700	FLOWS_TO	
534718	534729	FLOWS_TO	
534720	534729	FLOWS_TO	
534704	534730	USE	
534706	534730	USE	
534704	534731	USE	
534692	534732	USE	
534704	534733	USE	
534709	534733	USE	
534652	534734	DEF	
534653	534734	DEF	
534692	534734	USE	
534696	534734	USE	
534704	534734	USE	
534711	534734	USE	
534704	534735	USE	
534685	534736	USE	
534720	534736	USE	
534658	534737	DEF	
534659	534737	DEF	
534692	534737	USE	
534688	534737	DEF	
534689	534737	DEF	
534700	534737	USE	
534700	534737	DEF	
534704	534737	USE	
534709	534737	USE	
534663	534738	USE	
534704	534739	USE	
534706	534739	USE	
534704	534740	USE	
534704	534741	USE	
534706	534741	USE	
534704	534742	USE	
534692	534743	USE	
534695	534743	USE	
534704	534743	USE	
534709	534743	USE	
534710	534743	USE	
534692	534744	USE	
534695	534744	USE	
534704	534744	USE	
534710	534744	USE	
534709	534744	USE	
534670	534745	USE	
534675	534745	USE	
534704	534746	USE	
534706	534746	USE	
534704	534747	USE	
534663	534748	USE	
534670	534748	USE	
534681	534748	USE	
534704	534749	USE	
534718	534750	USE	
534663	534751	USE	
534670	534751	USE	
534681	534751	USE	
534675	534751	USE	
534725	534752	DEF	
534652	534752	USE	
534653	534752	USE	
534663	534752	USE	
534665	534752	USE	
534670	534752	USE	
534676	534752	USE	
534682	534752	USE	
534652	534692	REACHES	pfont
534652	534704	REACHES	pfont
534688	534692	REACHES	i
534700	534692	REACHES	i
534688	534700	REACHES	i
534700	534700	REACHES	i
534688	534704	REACHES	i
534700	534704	REACHES	i
534725	534652	REACHES	font
534725	534663	REACHES	font
534725	534670	REACHES	font
534728	534725	CONTROLS	
534728	534649	CONTROLS	
534728	534650	CONTROLS	
534728	534651	CONTROLS	
534728	534652	CONTROLS	
534728	534658	CONTROLS	
534728	534663	CONTROLS	
534663	534670	CONTROLS	
534663	534685	CONTROLS	
534663	534688	CONTROLS	
534663	534692	CONTROLS	
534692	534704	CONTROLS	
534692	534720	CONTROLS	
534704	534718	CONTROLS	
534704	534700	CONTROLS	
534704	534692	CONTROLS	
534704	534700	DOM	
534658	534663	DOM	
534728	534725	DOM	
534649	534650	DOM	
534663	534729	DOM	
534692	534720	DOM	
534670	534685	DOM	
534650	534651	DOM	
534704	534718	DOM	
534663	534688	DOM	
534692	534704	DOM	
534652	534658	DOM	
534651	534652	DOM	
534688	534692	DOM	
534725	534649	DOM	
534663	534670	DOM	
534728	534728	DOM	
534692	534700	POST_DOM	
534729	534663	POST_DOM	
534649	534725	POST_DOM	
534729	534729	POST_DOM	
534651	534650	POST_DOM	
534729	534720	POST_DOM	
534729	534685	POST_DOM	
534652	534651	POST_DOM	
534729	534718	POST_DOM	
534692	534688	POST_DOM	
534729	534704	POST_DOM	
534663	534658	POST_DOM	
534658	534652	POST_DOM	
534729	534692	POST_DOM	
534685	534670	POST_DOM	
534650	534649	POST_DOM	
534725	534728	POST_DOM	
534646	534647	IS_FUNCTION_OF_AST	
534646	534728	IS_FUNCTION_OF_CFG	
534037	534646	IS_FILE_OF	
