command	key	type	code	location	functionId	childNum	isCFGNode	operator	baseType	completeType	identifier
ANR	4831116	File	data/converged/CVE-2011-4930_htcondor/src_condor_utils_open_files_in_pid.h								
ANR	4831117	DeclStmt									
ANR	4831118	Decl							std :: set < MyString >	std :: set < MyString > ( pid_t pid )	open_files_in_pid
