command	key	type	code	location	functionId	childNum	isCFGNode	operator	baseType	completeType	identifier
ANR	259	File	data/converged/CVE-2018-6791_plasma-workspace/PowerDevilRunner.cpp								
ANR	260	Function	PowerDevilRunner :: PowerDevilRunner	38:0:1800:3164							
ANR	261	FunctionDef	"PowerDevilRunner :: PowerDevilRunner (QObject * parent , const QVariantList & args)"		260	0					
ANR	262	CompoundStatement		41:0:1952:3164	260	0					
ANR	263	Statement	qDBusRegisterMetaType	42:4:1958:1978	260	0	True				
ANR	264	Statement	<	42:25:1979:1979	260	1	True				
ANR	265	Statement	StringStringMap	42:27:1981:1995	260	2	True				
ANR	266	Statement	>	42:43:1997:1997	260	3	True				
ANR	267	Statement	(	42:44:1998:1998	260	4	True				
ANR	268	Statement	)	42:45:1999:1999	260	5	True				
ANR	269	ExpressionStatement		42:46:2000:2000	260	6	True				
ANR	270	ExpressionStatement	"setObjectName ( QLatin1String ( ""PowerDevil"" ) )"	44:4:2007:2051	260	7	True				
ANR	271	CallExpression	"setObjectName ( QLatin1String ( ""PowerDevil"" ) )"		260	0					
ANR	272	Callee	setObjectName		260	0					
ANR	273	Identifier	setObjectName		260	0					
ANR	274	ArgumentList	"QLatin1String ( ""PowerDevil"" )"		260	1					
ANR	275	Argument	"QLatin1String ( ""PowerDevil"" )"		260	0					
ANR	276	CallExpression	"QLatin1String ( ""PowerDevil"" )"		260	0					
ANR	277	Callee	QLatin1String		260	0					
ANR	278	Identifier	QLatin1String		260	0					
ANR	279	ArgumentList	"""PowerDevil"""		260	1					
ANR	280	Argument	"""PowerDevil"""		260	0					
ANR	281	PrimaryExpression	"""PowerDevil"""		260	0					
ANR	282	ExpressionStatement	setIgnoredTypes ( Plasma :: RunnerContext :: Directory | Plasma :: RunnerContext :: File | Plasma :: RunnerContext :: NetworkLocation | Plasma :: RunnerContext :: Help )	45:4:2057:2227	260	8	True				
ANR	283	CallExpression	setIgnoredTypes ( Plasma :: RunnerContext :: Directory | Plasma :: RunnerContext :: File | Plasma :: RunnerContext :: NetworkLocation | Plasma :: RunnerContext :: Help )		260	0					
ANR	284	Callee	setIgnoredTypes		260	0					
ANR	285	Identifier	setIgnoredTypes		260	0					
ANR	286	ArgumentList	Plasma :: RunnerContext :: Directory | Plasma :: RunnerContext :: File | Plasma :: RunnerContext :: NetworkLocation | Plasma :: RunnerContext :: Help		260	1					
ANR	287	Argument	Plasma :: RunnerContext :: Directory | Plasma :: RunnerContext :: File | Plasma :: RunnerContext :: NetworkLocation | Plasma :: RunnerContext :: Help		260	0					
ANR	288	InclusiveOrExpression	Plasma :: RunnerContext :: Directory | Plasma :: RunnerContext :: File | Plasma :: RunnerContext :: NetworkLocation | Plasma :: RunnerContext :: Help		260	0		|			
ANR	289	Identifier	Plasma :: RunnerContext :: Directory		260	0					
ANR	290	InclusiveOrExpression	Plasma :: RunnerContext :: File | Plasma :: RunnerContext :: NetworkLocation | Plasma :: RunnerContext :: Help		260	1		|			
ANR	291	Identifier	Plasma :: RunnerContext :: File		260	0					
ANR	292	InclusiveOrExpression	Plasma :: RunnerContext :: NetworkLocation | Plasma :: RunnerContext :: Help		260	1		|			
ANR	293	Identifier	Plasma :: RunnerContext :: NetworkLocation		260	0					
ANR	294	Identifier	Plasma :: RunnerContext :: Help		260	1					
ANR	295	ExpressionStatement	updateStatus ( )	47:4:2233:2247	260	9	True				
ANR	296	CallExpression	updateStatus ( )		260	0					
ANR	297	Callee	updateStatus		260	0					
ANR	298	Identifier	updateStatus		260	0					
ANR	299	ArgumentList			260	1					
ANR	300	ExpressionStatement	initUpdateTriggers ( )	48:4:2253:2273	260	10	True				
ANR	301	CallExpression	initUpdateTriggers ( )		260	0					
ANR	302	Callee	initUpdateTriggers		260	0					
ANR	303	Identifier	initUpdateTriggers		260	0					
ANR	304	ArgumentList			260	1					
ANR	305	IdentifierDeclStatement	QStringList commands ;	54:4:2419:2439	260	11	True				
ANR	306	IdentifierDecl	commands		260	0					
ANR	307	IdentifierDeclType	QStringList		260	0					
ANR	308	Identifier	commands		260	1					
ANR	309	ExpressionStatement	"commands << i18nc ( ""Note this is a KRunner keyword"" , ""power profile"" ) << i18nc ( ""Note this is a KRunner keyword"" , ""suspend"" ) << i18nc ( ""Note this is a KRunner keyword"" , ""sleep"" ) << i18nc ( ""Note this is a KRunner keyword"" , ""hibernate"" ) << i18nc ( ""Note this is a KRunner keyword"" , ""to disk"" ) << i18nc ( ""Note this is a KRunner keyword"" , ""to ram"" ) << i18nc ( ""Note this is a KRunner keyword"" , ""screen brightness"" ) << i18nc ( ""Note this is a KRunner keyword"" , ""dim screen"" )"	55:4:2445:2994	260	12	True				
ANR	310	ShiftExpression	"commands << i18nc ( ""Note this is a KRunner keyword"" , ""power profile"" ) << i18nc ( ""Note this is a KRunner keyword"" , ""suspend"" ) << i18nc ( ""Note this is a KRunner keyword"" , ""sleep"" ) << i18nc ( ""Note this is a KRunner keyword"" , ""hibernate"" ) << i18nc ( ""Note this is a KRunner keyword"" , ""to disk"" ) << i18nc ( ""Note this is a KRunner keyword"" , ""to ram"" ) << i18nc ( ""Note this is a KRunner keyword"" , ""screen brightness"" ) << i18nc ( ""Note this is a KRunner keyword"" , ""dim screen"" )"		260	0		<<			
ANR	311	Identifier	commands		260	0					
ANR	312	ShiftExpression	"i18nc ( ""Note this is a KRunner keyword"" , ""power profile"" ) << i18nc ( ""Note this is a KRunner keyword"" , ""suspend"" ) << i18nc ( ""Note this is a KRunner keyword"" , ""sleep"" ) << i18nc ( ""Note this is a KRunner keyword"" , ""hibernate"" ) << i18nc ( ""Note this is a KRunner keyword"" , ""to disk"" ) << i18nc ( ""Note this is a KRunner keyword"" , ""to ram"" ) << i18nc ( ""Note this is a KRunner keyword"" , ""screen brightness"" ) << i18nc ( ""Note this is a KRunner keyword"" , ""dim screen"" )"		260	1		<<			
ANR	313	CallExpression	"i18nc ( ""Note this is a KRunner keyword"" , ""power profile"" )"		260	0					
ANR	314	Callee	i18nc		260	0					
ANR	315	Identifier	i18nc		260	0					
ANR	316	ArgumentList	"""Note this is a KRunner keyword"""		260	1					
ANR	317	Argument	"""Note this is a KRunner keyword"""		260	0					
ANR	318	PrimaryExpression	"""Note this is a KRunner keyword"""		260	0					
ANR	319	Argument	"""power profile"""		260	1					
ANR	320	PrimaryExpression	"""power profile"""		260	0					
ANR	321	ShiftExpression	"i18nc ( ""Note this is a KRunner keyword"" , ""suspend"" ) << i18nc ( ""Note this is a KRunner keyword"" , ""sleep"" ) << i18nc ( ""Note this is a KRunner keyword"" , ""hibernate"" ) << i18nc ( ""Note this is a KRunner keyword"" , ""to disk"" ) << i18nc ( ""Note this is a KRunner keyword"" , ""to ram"" ) << i18nc ( ""Note this is a KRunner keyword"" , ""screen brightness"" ) << i18nc ( ""Note this is a KRunner keyword"" , ""dim screen"" )"		260	1		<<			
ANR	322	CallExpression	"i18nc ( ""Note this is a KRunner keyword"" , ""suspend"" )"		260	0					
ANR	323	Callee	i18nc		260	0					
ANR	324	Identifier	i18nc		260	0					
ANR	325	ArgumentList	"""Note this is a KRunner keyword"""		260	1					
ANR	326	Argument	"""Note this is a KRunner keyword"""		260	0					
ANR	327	PrimaryExpression	"""Note this is a KRunner keyword"""		260	0					
ANR	328	Argument	"""suspend"""		260	1					
ANR	329	PrimaryExpression	"""suspend"""		260	0					
ANR	330	ShiftExpression	"i18nc ( ""Note this is a KRunner keyword"" , ""sleep"" ) << i18nc ( ""Note this is a KRunner keyword"" , ""hibernate"" ) << i18nc ( ""Note this is a KRunner keyword"" , ""to disk"" ) << i18nc ( ""Note this is a KRunner keyword"" , ""to ram"" ) << i18nc ( ""Note this is a KRunner keyword"" , ""screen brightness"" ) << i18nc ( ""Note this is a KRunner keyword"" , ""dim screen"" )"		260	1		<<			
ANR	331	CallExpression	"i18nc ( ""Note this is a KRunner keyword"" , ""sleep"" )"		260	0					
ANR	332	Callee	i18nc		260	0					
ANR	333	Identifier	i18nc		260	0					
ANR	334	ArgumentList	"""Note this is a KRunner keyword"""		260	1					
ANR	335	Argument	"""Note this is a KRunner keyword"""		260	0					
ANR	336	PrimaryExpression	"""Note this is a KRunner keyword"""		260	0					
ANR	337	Argument	"""sleep"""		260	1					
ANR	338	PrimaryExpression	"""sleep"""		260	0					
ANR	339	ShiftExpression	"i18nc ( ""Note this is a KRunner keyword"" , ""hibernate"" ) << i18nc ( ""Note this is a KRunner keyword"" , ""to disk"" ) << i18nc ( ""Note this is a KRunner keyword"" , ""to ram"" ) << i18nc ( ""Note this is a KRunner keyword"" , ""screen brightness"" ) << i18nc ( ""Note this is a KRunner keyword"" , ""dim screen"" )"		260	1		<<			
ANR	340	CallExpression	"i18nc ( ""Note this is a KRunner keyword"" , ""hibernate"" )"		260	0					
ANR	341	Callee	i18nc		260	0					
ANR	342	Identifier	i18nc		260	0					
ANR	343	ArgumentList	"""Note this is a KRunner keyword"""		260	1					
ANR	344	Argument	"""Note this is a KRunner keyword"""		260	0					
ANR	345	PrimaryExpression	"""Note this is a KRunner keyword"""		260	0					
ANR	346	Argument	"""hibernate"""		260	1					
ANR	347	PrimaryExpression	"""hibernate"""		260	0					
ANR	348	ShiftExpression	"i18nc ( ""Note this is a KRunner keyword"" , ""to disk"" ) << i18nc ( ""Note this is a KRunner keyword"" , ""to ram"" ) << i18nc ( ""Note this is a KRunner keyword"" , ""screen brightness"" ) << i18nc ( ""Note this is a KRunner keyword"" , ""dim screen"" )"		260	1		<<			
ANR	349	CallExpression	"i18nc ( ""Note this is a KRunner keyword"" , ""to disk"" )"		260	0					
ANR	350	Callee	i18nc		260	0					
ANR	351	Identifier	i18nc		260	0					
ANR	352	ArgumentList	"""Note this is a KRunner keyword"""		260	1					
ANR	353	Argument	"""Note this is a KRunner keyword"""		260	0					
ANR	354	PrimaryExpression	"""Note this is a KRunner keyword"""		260	0					
ANR	355	Argument	"""to disk"""		260	1					
ANR	356	PrimaryExpression	"""to disk"""		260	0					
ANR	357	ShiftExpression	"i18nc ( ""Note this is a KRunner keyword"" , ""to ram"" ) << i18nc ( ""Note this is a KRunner keyword"" , ""screen brightness"" ) << i18nc ( ""Note this is a KRunner keyword"" , ""dim screen"" )"		260	1		<<			
ANR	358	CallExpression	"i18nc ( ""Note this is a KRunner keyword"" , ""to ram"" )"		260	0					
ANR	359	Callee	i18nc		260	0					
ANR	360	Identifier	i18nc		260	0					
ANR	361	ArgumentList	"""Note this is a KRunner keyword"""		260	1					
ANR	362	Argument	"""Note this is a KRunner keyword"""		260	0					
ANR	363	PrimaryExpression	"""Note this is a KRunner keyword"""		260	0					
ANR	364	Argument	"""to ram"""		260	1					
ANR	365	PrimaryExpression	"""to ram"""		260	0					
ANR	366	ShiftExpression	"i18nc ( ""Note this is a KRunner keyword"" , ""screen brightness"" ) << i18nc ( ""Note this is a KRunner keyword"" , ""dim screen"" )"		260	1		<<			
ANR	367	CallExpression	"i18nc ( ""Note this is a KRunner keyword"" , ""screen brightness"" )"		260	0					
ANR	368	Callee	i18nc		260	0					
ANR	369	Identifier	i18nc		260	0					
ANR	370	ArgumentList	"""Note this is a KRunner keyword"""		260	1					
ANR	371	Argument	"""Note this is a KRunner keyword"""		260	0					
ANR	372	PrimaryExpression	"""Note this is a KRunner keyword"""		260	0					
ANR	373	Argument	"""screen brightness"""		260	1					
ANR	374	PrimaryExpression	"""screen brightness"""		260	0					
ANR	375	CallExpression	"i18nc ( ""Note this is a KRunner keyword"" , ""dim screen"" )"		260	1					
ANR	376	Callee	i18nc		260	0					
ANR	377	Identifier	i18nc		260	0					
ANR	378	ArgumentList	"""Note this is a KRunner keyword"""		260	1					
ANR	379	Argument	"""Note this is a KRunner keyword"""		260	0					
ANR	380	PrimaryExpression	"""Note this is a KRunner keyword"""		260	0					
ANR	381	Argument	"""dim screen"""		260	1					
ANR	382	PrimaryExpression	"""dim screen"""		260	0					
ANR	383	Statement	foreach	64:4:3001:3007	260	13	True				
ANR	384	Statement	(	64:12:3009:3009	260	14	True				
ANR	385	Statement	const	64:13:3010:3014	260	15	True				
ANR	386	Statement	QString	64:19:3016:3022	260	16	True				
ANR	387	Statement	&	64:27:3024:3024	260	17	True				
ANR	388	Statement	command	64:28:3025:3031	260	18	True				
ANR	389	Statement	","	64:35:3032:3032	260	19	True				
ANR	390	Statement	commands	64:37:3034:3041	260	20	True				
ANR	391	Statement	)	64:45:3042:3042	260	21	True				
ANR	392	CompoundStatement		24:47:1091:1091	260	22					
ANR	393	IfStatement	if ( command . length ( ) < m_shortestCommand )		260	0					
ANR	394	Condition	command . length ( ) < m_shortestCommand	65:12:3058:3093	260	0	True				
ANR	395	RelationalExpression	command . length ( ) < m_shortestCommand		260	0		<			
ANR	396	CallExpression	command . length ( )		260	0					
ANR	397	Callee	command . length		260	0					
ANR	398	MemberAccess	command . length		260	0					
ANR	399	Identifier	command		260	0					
ANR	400	Identifier	length		260	1					
ANR	401	ArgumentList			260	1					
ANR	402	Identifier	m_shortestCommand		260	1					
ANR	403	CompoundStatement		25:50:1143:1143	260	1					
ANR	404	ExpressionStatement	m_shortestCommand = command . length ( )	66:12:3110:3146	260	0	True				
ANR	405	AssignmentExpression	m_shortestCommand = command . length ( )		260	0		=			
ANR	406	Identifier	m_shortestCommand		260	0					
ANR	407	CallExpression	command . length ( )		260	1					
ANR	408	Callee	command . length		260	0					
ANR	409	MemberAccess	command . length		260	0					
ANR	410	Identifier	command		260	0					
ANR	411	Identifier	length		260	1					
ANR	412	ArgumentList			260	1					
ANR	413	Identifier	PowerDevilRunner :: PowerDevilRunner		260	1					
ANR	414	ParameterList	"QObject * parent , const QVariantList & args"		260	2					
ANR	415	Parameter	QObject * parent	38:35:1835:1849	260	0	True				
ANR	416	ParameterType	QObject *		260	0					
ANR	417	Identifier	parent		260	1					
ANR	418	Parameter	const QVariantList & args	38:52:1852:1875	260	1	True				
ANR	419	ParameterType	const QVariantList &		260	0					
ANR	420	Identifier	args		260	1					
ANR	421	CFGEntryNode	ENTRY		260		True				
ANR	422	CFGExitNode	EXIT		260		True				
ANR	423	Symbol	args		260						
ANR	424	Symbol	QLatin1String		260						
ANR	425	Symbol	parent		260						
ANR	426	Symbol	m_shortestCommand		260						
ANR	427	Symbol	Plasma :: RunnerContext :: Directory		260						
ANR	428	Symbol	Plasma :: RunnerContext :: NetworkLocation		260						
ANR	429	Symbol	Plasma :: RunnerContext :: Help		260						
ANR	430	Symbol	Plasma :: RunnerContext :: File		260						
ANR	431	Symbol	commands		260						
ANR	432	Symbol	command		260						
ANR	433	Symbol	command . length		260						
ANR	434	Function	PowerDevilRunner :: updateSyntaxes	71:0:3167:5077							
ANR	435	FunctionDef	PowerDevilRunner :: updateSyntaxes ()		434	0					
ANR	436	CompoundStatement		72:0:3207:5077	434	0					
ANR	437	IdentifierDeclStatement	QList < Plasma :: RunnerSyntax > syntaxes ;	73:4:3213:3249	434	0	True				
ANR	438	IdentifierDecl	syntaxes		434	0					
ANR	439	IdentifierDeclType	QList < Plasma :: RunnerSyntax >		434	0					
ANR	440	Identifier	syntaxes		434	1					
ANR	441	ExpressionStatement	"syntaxes . append ( Plasma :: RunnerSyntax ( i18nc ( ""Note this is a KRunner keyword"" , ""power profile"" ) , i18n ( ""Lists all power profiles and allows them to be activated"" ) ) )"	74:4:3255:3437	434	1	True				
ANR	442	CallExpression	"syntaxes . append ( Plasma :: RunnerSyntax ( i18nc ( ""Note this is a KRunner keyword"" , ""power profile"" ) , i18n ( ""Lists all power profiles and allows them to be activated"" ) ) )"		434	0					
ANR	443	Callee	syntaxes . append		434	0					
ANR	444	MemberAccess	syntaxes . append		434	0					
ANR	445	Identifier	syntaxes		434	0					
ANR	446	Identifier	append		434	1					
ANR	447	ArgumentList	"Plasma :: RunnerSyntax ( i18nc ( ""Note this is a KRunner keyword"" , ""power profile"" ) , i18n ( ""Lists all power profiles and allows them to be activated"" ) )"		434	1					
ANR	448	Argument	"Plasma :: RunnerSyntax ( i18nc ( ""Note this is a KRunner keyword"" , ""power profile"" ) , i18n ( ""Lists all power profiles and allows them to be activated"" ) )"		434	0					
ANR	449	CallExpression	"Plasma :: RunnerSyntax ( i18nc ( ""Note this is a KRunner keyword"" , ""power profile"" ) , i18n ( ""Lists all power profiles and allows them to be activated"" ) )"		434	0					
ANR	450	Callee	Plasma :: RunnerSyntax		434	0					
ANR	451	Identifier	Plasma :: RunnerSyntax		434	0					
ANR	452	ArgumentList	"i18nc ( ""Note this is a KRunner keyword"" , ""power profile"" )"		434	1					
ANR	453	Argument	"i18nc ( ""Note this is a KRunner keyword"" , ""power profile"" )"		434	0					
ANR	454	CallExpression	"i18nc ( ""Note this is a KRunner keyword"" , ""power profile"" )"		434	0					
ANR	455	Callee	i18nc		434	0					
ANR	456	Identifier	i18nc		434	0					
ANR	457	ArgumentList	"""Note this is a KRunner keyword"""		434	1					
ANR	458	Argument	"""Note this is a KRunner keyword"""		434	0					
ANR	459	PrimaryExpression	"""Note this is a KRunner keyword"""		434	0					
ANR	460	Argument	"""power profile"""		434	1					
ANR	461	PrimaryExpression	"""power profile"""		434	0					
ANR	462	Argument	"i18n ( ""Lists all power profiles and allows them to be activated"" )"		434	1					
ANR	463	CallExpression	"i18n ( ""Lists all power profiles and allows them to be activated"" )"		434	0					
ANR	464	Callee	i18n		434	0					
ANR	465	Identifier	i18n		434	0					
ANR	466	ArgumentList	"""Lists all power profiles and allows them to be activated"""		434	1					
ANR	467	Argument	"""Lists all power profiles and allows them to be activated"""		434	0					
ANR	468	PrimaryExpression	"""Lists all power profiles and allows them to be activated"""		434	0					
ANR	469	Statement	syntaxes	76:4:3443:3450	434	2	True				
ANR	470	Statement	.	76:12:3451:3451	434	3	True				
ANR	471	Statement	append	76:13:3452:3457	434	4	True				
ANR	472	Statement	(	76:19:3458:3458	434	5	True				
ANR	473	Statement	Plasma	76:20:3459:3464	434	6	True				
ANR	474	Statement	::	76:26:3465:3466	434	7	True				
ANR	475	Statement	RunnerSyntax	76:28:3467:3478	434	8	True				
ANR	476	Statement	(	76:40:3479:3479	434	9	True				
ANR	477	Statement	i18nc	76:41:3480:3484	434	10	True				
ANR	478	Statement	(	76:46:3485:3485	434	11	True				
ANR	479	Statement	"""Note this is a KRunner keyword"""	76:47:3486:3517	434	12	True				
ANR	480	Statement	","	76:79:3518:3518	434	13	True				
ANR	481	Statement	"""suspend"""	76:81:3520:3528	434	14	True				
ANR	482	Statement	)	76:90:3529:3529	434	15	True				
ANR	483	Statement	","	76:91:3530:3530	434	16	True				
ANR	484	Statement	i18n	77:21:3553:3556	434	17	True				
ANR	485	Statement	(	77:25:3557:3557	434	18	True				
ANR	486	Statement	"""Lists system suspend (e.g. sleep, hibernate) options """	77:26:3558:3612	434	19	True				
ANR	487	Statement	"""and allows them to be activated"""	78:26:3640:3672	434	20	True				
ANR	488	Statement	)	78:59:3673:3673	434	21	True				
ANR	489	Statement	)	78:60:3674:3674	434	22	True				
ANR	490	Statement	)	78:61:3675:3675	434	23	True				
ANR	491	ExpressionStatement		78:62:3676:3676	434	24	True				
ANR	492	IdentifierDeclStatement	QSet < Solid :: PowerManagement :: SleepState > states = Solid :: PowerManagement :: supportedSleepStates ( ) ;	80:4:3683:3781	434	25	True				
ANR	493	IdentifierDecl	states = Solid :: PowerManagement :: supportedSleepStates ( )		434	0					
ANR	494	IdentifierDeclType	QSet < Solid :: PowerManagement :: SleepState >		434	0					
ANR	495	Identifier	states		434	1					
ANR	496	AssignmentExpression	states = Solid :: PowerManagement :: supportedSleepStates ( )		434	2		=			
ANR	497	Identifier	states		434	0					
ANR	498	CallExpression	Solid :: PowerManagement :: supportedSleepStates ( )		434	1					
ANR	499	Callee	Solid :: PowerManagement :: supportedSleepStates		434	0					
ANR	500	Identifier	Solid :: PowerManagement :: supportedSleepStates		434	0					
ANR	501	ArgumentList			434	1					
ANR	502	IfStatement	if ( states . contains ( Solid :: PowerManagement :: SuspendState ) )		434	26					
ANR	503	Condition	states . contains ( Solid :: PowerManagement :: SuspendState )	82:8:3792:3844	434	0	True				
ANR	504	CallExpression	states . contains ( Solid :: PowerManagement :: SuspendState )		434	0					
ANR	505	Callee	states . contains		434	0					
ANR	506	MemberAccess	states . contains		434	0					
ANR	507	Identifier	states		434	0					
ANR	508	Identifier	contains		434	1					
ANR	509	ArgumentList	Solid :: PowerManagement :: SuspendState		434	1					
ANR	510	Argument	Solid :: PowerManagement :: SuspendState		434	0					
ANR	511	Identifier	Solid :: PowerManagement :: SuspendState		434	0					
ANR	512	CompoundStatement		12:8:649:808	434	1					
ANR	513	IdentifierDeclStatement	"Plasma :: RunnerSyntax sleepSyntax ( i18nc ( ""Note this is a KRunner keyword"" , ""sleep"" ) , i18n ( ""Suspends the system to RAM"" ) ) ;"	83:8:3857:4016	434	0	True				
ANR	514	IdentifierDecl	"sleepSyntax ( i18nc ( ""Note this is a KRunner keyword"" , ""sleep"" ) , i18n ( ""Suspends the system to RAM"" ) )"		434	0					
ANR	515	IdentifierDeclType	Plasma :: RunnerSyntax		434	0					
ANR	516	Identifier	sleepSyntax		434	1					
ANR	517	Expression	"i18nc ( ""Note this is a KRunner keyword"" , ""sleep"" ) , i18n ( ""Suspends the system to RAM"" )"		434	2					
ANR	518	CallExpression	"i18nc ( ""Note this is a KRunner keyword"" , ""sleep"" )"		434	0					
ANR	519	Callee	i18nc		434	0					
ANR	520	Identifier	i18nc		434	0					
ANR	521	ArgumentList	"""Note this is a KRunner keyword"""		434	1					
ANR	522	Argument	"""Note this is a KRunner keyword"""		434	0					
ANR	523	PrimaryExpression	"""Note this is a KRunner keyword"""		434	0					
ANR	524	Argument	"""sleep"""		434	1					
ANR	525	PrimaryExpression	"""sleep"""		434	0					
ANR	526	CallExpression	"i18n ( ""Suspends the system to RAM"" )"		434	1					
ANR	527	Callee	i18n		434	0					
ANR	528	Identifier	i18n		434	0					
ANR	529	ArgumentList	"""Suspends the system to RAM"""		434	1					
ANR	530	Argument	"""Suspends the system to RAM"""		434	0					
ANR	531	PrimaryExpression	"""Suspends the system to RAM"""		434	0					
ANR	532	ExpressionStatement	"sleepSyntax . addExampleQuery ( i18nc ( ""Note this is a KRunner keyword"" , ""to ram"" ) )"	85:8:4026:4104	434	1	True				
ANR	533	CallExpression	"sleepSyntax . addExampleQuery ( i18nc ( ""Note this is a KRunner keyword"" , ""to ram"" ) )"		434	0					
ANR	534	Callee	sleepSyntax . addExampleQuery		434	0					
ANR	535	MemberAccess	sleepSyntax . addExampleQuery		434	0					
ANR	536	Identifier	sleepSyntax		434	0					
ANR	537	Identifier	addExampleQuery		434	1					
ANR	538	ArgumentList	"i18nc ( ""Note this is a KRunner keyword"" , ""to ram"" )"		434	1					
ANR	539	Argument	"i18nc ( ""Note this is a KRunner keyword"" , ""to ram"" )"		434	0					
ANR	540	CallExpression	"i18nc ( ""Note this is a KRunner keyword"" , ""to ram"" )"		434	0					
ANR	541	Callee	i18nc		434	0					
ANR	542	Identifier	i18nc		434	0					
ANR	543	ArgumentList	"""Note this is a KRunner keyword"""		434	1					
ANR	544	Argument	"""Note this is a KRunner keyword"""		434	0					
ANR	545	PrimaryExpression	"""Note this is a KRunner keyword"""		434	0					
ANR	546	Argument	"""to ram"""		434	1					
ANR	547	PrimaryExpression	"""to ram"""		434	0					
ANR	548	ExpressionStatement	syntaxes . append ( sleepSyntax )	86:8:4114:4142	434	2	True				
ANR	549	CallExpression	syntaxes . append ( sleepSyntax )		434	0					
ANR	550	Callee	syntaxes . append		434	0					
ANR	551	MemberAccess	syntaxes . append		434	0					
ANR	552	Identifier	syntaxes		434	0					
ANR	553	Identifier	append		434	1					
ANR	554	ArgumentList	sleepSyntax		434	1					
ANR	555	Argument	sleepSyntax		434	0					
ANR	556	Identifier	sleepSyntax		434	0					
ANR	557	IfStatement	if ( states . contains ( Solid :: PowerManagement :: HibernateState ) )		434	27					
ANR	558	Condition	states . contains ( Solid :: PowerManagement :: HibernateState )	89:8:4159:4213	434	0	True				
ANR	559	CallExpression	states . contains ( Solid :: PowerManagement :: HibernateState )		434	0					
ANR	560	Callee	states . contains		434	0					
ANR	561	MemberAccess	states . contains		434	0					
ANR	562	Identifier	states		434	0					
ANR	563	Identifier	contains		434	1					
ANR	564	ArgumentList	Solid :: PowerManagement :: HibernateState		434	1					
ANR	565	Argument	Solid :: PowerManagement :: HibernateState		434	0					
ANR	566	Identifier	Solid :: PowerManagement :: HibernateState		434	0					
ANR	567	CompoundStatement		19:8:1018:1186	434	1					
ANR	568	IdentifierDeclStatement	"Plasma :: RunnerSyntax hibernateSyntax ( i18nc ( ""Note this is a KRunner keyword"" , ""hibernate"" ) , i18n ( ""Suspends the system to disk"" ) ) ;"	90:8:4226:4394	434	0	True				
ANR	569	IdentifierDecl	"hibernateSyntax ( i18nc ( ""Note this is a KRunner keyword"" , ""hibernate"" ) , i18n ( ""Suspends the system to disk"" ) )"		434	0					
ANR	570	IdentifierDeclType	Plasma :: RunnerSyntax		434	0					
ANR	571	Identifier	hibernateSyntax		434	1					
ANR	572	Expression	"i18nc ( ""Note this is a KRunner keyword"" , ""hibernate"" ) , i18n ( ""Suspends the system to disk"" )"		434	2					
ANR	573	CallExpression	"i18nc ( ""Note this is a KRunner keyword"" , ""hibernate"" )"		434	0					
ANR	574	Callee	i18nc		434	0					
ANR	575	Identifier	i18nc		434	0					
ANR	576	ArgumentList	"""Note this is a KRunner keyword"""		434	1					
ANR	577	Argument	"""Note this is a KRunner keyword"""		434	0					
ANR	578	PrimaryExpression	"""Note this is a KRunner keyword"""		434	0					
ANR	579	Argument	"""hibernate"""		434	1					
ANR	580	PrimaryExpression	"""hibernate"""		434	0					
ANR	581	CallExpression	"i18n ( ""Suspends the system to disk"" )"		434	1					
ANR	582	Callee	i18n		434	0					
ANR	583	Identifier	i18n		434	0					
ANR	584	ArgumentList	"""Suspends the system to disk"""		434	1					
ANR	585	Argument	"""Suspends the system to disk"""		434	0					
ANR	586	PrimaryExpression	"""Suspends the system to disk"""		434	0					
ANR	587	ExpressionStatement	"hibernateSyntax . addExampleQuery ( i18nc ( ""Note this is a KRunner keyword"" , ""to disk"" ) )"	92:8:4404:4487	434	1	True				
ANR	588	CallExpression	"hibernateSyntax . addExampleQuery ( i18nc ( ""Note this is a KRunner keyword"" , ""to disk"" ) )"		434	0					
ANR	589	Callee	hibernateSyntax . addExampleQuery		434	0					
ANR	590	MemberAccess	hibernateSyntax . addExampleQuery		434	0					
ANR	591	Identifier	hibernateSyntax		434	0					
ANR	592	Identifier	addExampleQuery		434	1					
ANR	593	ArgumentList	"i18nc ( ""Note this is a KRunner keyword"" , ""to disk"" )"		434	1					
ANR	594	Argument	"i18nc ( ""Note this is a KRunner keyword"" , ""to disk"" )"		434	0					
ANR	595	CallExpression	"i18nc ( ""Note this is a KRunner keyword"" , ""to disk"" )"		434	0					
ANR	596	Callee	i18nc		434	0					
ANR	597	Identifier	i18nc		434	0					
ANR	598	ArgumentList	"""Note this is a KRunner keyword"""		434	1					
ANR	599	Argument	"""Note this is a KRunner keyword"""		434	0					
ANR	600	PrimaryExpression	"""Note this is a KRunner keyword"""		434	0					
ANR	601	Argument	"""to disk"""		434	1					
ANR	602	PrimaryExpression	"""to disk"""		434	0					
ANR	603	ExpressionStatement	syntaxes . append ( hibernateSyntax )	93:8:4497:4529	434	2	True				
ANR	604	CallExpression	syntaxes . append ( hibernateSyntax )		434	0					
ANR	605	Callee	syntaxes . append		434	0					
ANR	606	MemberAccess	syntaxes . append		434	0					
ANR	607	Identifier	syntaxes		434	0					
ANR	608	Identifier	append		434	1					
ANR	609	ArgumentList	hibernateSyntax		434	1					
ANR	610	Argument	hibernateSyntax		434	0					
ANR	611	Identifier	hibernateSyntax		434	0					
ANR	612	Statement	Plasma	96:4:4542:4547	434	28	True				
ANR	613	Statement	::	96:10:4548:4549	434	29	True				
ANR	614	Statement	RunnerSyntax	96:12:4550:4561	434	30	True				
ANR	615	Statement	brightnessSyntax	96:25:4563:4578	434	31	True				
ANR	616	Statement	(	96:41:4579:4579	434	32	True				
ANR	617	Statement	i18nc	96:42:4580:4584	434	33	True				
ANR	618	Statement	(	96:47:4585:4585	434	34	True				
ANR	619	Statement	"""Note this is a KRunner keyword"""	96:48:4586:4617	434	35	True				
ANR	620	Statement	","	96:80:4618:4618	434	36	True				
ANR	621	Statement	"""screen brightness"""	96:82:4620:4638	434	37	True				
ANR	622	Statement	)	96:101:4639:4639	434	38	True				
ANR	623	Statement	","	96:102:4640:4640	434	39	True				
ANR	624	Statement	i18n	98:28:4722:4725	434	40	True				
ANR	625	Statement	(	98:32:4726:4726	434	41	True				
ANR	626	Statement	"""Lists screen brightness options or sets it to the brightness defined by :q:; """	98:33:4727:4805	434	42	True				
ANR	627	Statement	"""e.g. screen brightness 50 would dim the screen to 50% maximum brightness"""	99:33:4840:4913	434	43	True				
ANR	628	Statement	)	99:107:4914:4914	434	44	True				
ANR	629	Statement	)	99:108:4915:4915	434	45	True				
ANR	630	ExpressionStatement		99:109:4916:4916	434	46	True				
ANR	631	ExpressionStatement	"brightnessSyntax . addExampleQuery ( i18nc ( ""Note this is a KRunner keyword"" , ""dim screen"" ) )"	100:4:4922:5009	434	47	True				
ANR	632	CallExpression	"brightnessSyntax . addExampleQuery ( i18nc ( ""Note this is a KRunner keyword"" , ""dim screen"" ) )"		434	0					
ANR	633	Callee	brightnessSyntax . addExampleQuery		434	0					
ANR	634	MemberAccess	brightnessSyntax . addExampleQuery		434	0					
ANR	635	Identifier	brightnessSyntax		434	0					
ANR	636	Identifier	addExampleQuery		434	1					
ANR	637	ArgumentList	"i18nc ( ""Note this is a KRunner keyword"" , ""dim screen"" )"		434	1					
ANR	638	Argument	"i18nc ( ""Note this is a KRunner keyword"" , ""dim screen"" )"		434	0					
ANR	639	CallExpression	"i18nc ( ""Note this is a KRunner keyword"" , ""dim screen"" )"		434	0					
ANR	640	Callee	i18nc		434	0					
ANR	641	Identifier	i18nc		434	0					
ANR	642	ArgumentList	"""Note this is a KRunner keyword"""		434	1					
ANR	643	Argument	"""Note this is a KRunner keyword"""		434	0					
ANR	644	PrimaryExpression	"""Note this is a KRunner keyword"""		434	0					
ANR	645	Argument	"""dim screen"""		434	1					
ANR	646	PrimaryExpression	"""dim screen"""		434	0					
ANR	647	ExpressionStatement	syntaxes . append ( brightnessSyntax )	101:4:5015:5048	434	48	True				
ANR	648	CallExpression	syntaxes . append ( brightnessSyntax )		434	0					
ANR	649	Callee	syntaxes . append		434	0					
ANR	650	MemberAccess	syntaxes . append		434	0					
ANR	651	Identifier	syntaxes		434	0					
ANR	652	Identifier	append		434	1					
ANR	653	ArgumentList	brightnessSyntax		434	1					
ANR	654	Argument	brightnessSyntax		434	0					
ANR	655	Identifier	brightnessSyntax		434	0					
ANR	656	ExpressionStatement	setSyntaxes ( syntaxes )	102:4:5054:5075	434	49	True				
ANR	657	CallExpression	setSyntaxes ( syntaxes )		434	0					
ANR	658	Callee	setSyntaxes		434	0					
ANR	659	Identifier	setSyntaxes		434	0					
ANR	660	ArgumentList	syntaxes		434	1					
ANR	661	Argument	syntaxes		434	0					
ANR	662	Identifier	syntaxes		434	0					
ANR	663	ReturnType	void		434	1					
ANR	664	Identifier	PowerDevilRunner :: updateSyntaxes		434	2					
ANR	665	ParameterList			434	3					
ANR	666	CFGEntryNode	ENTRY		434		True				
ANR	667	CFGExitNode	EXIT		434		True				
ANR	668	Symbol	Solid :: PowerManagement :: HibernateState		434						
ANR	669	Symbol	states . contains		434						
ANR	670	Symbol	Solid :: PowerManagement :: SuspendState		434						
ANR	671	Symbol	i18nc		434						
ANR	672	Symbol	Plasma :: RunnerSyntax		434						
ANR	673	Symbol	sleepSyntax		434						
ANR	674	Symbol	brightnessSyntax		434						
ANR	675	Symbol	i18n		434						
ANR	676	Symbol	syntaxes		434						
ANR	677	Symbol	states		434						
ANR	678	Symbol	Solid :: PowerManagement :: supportedSleepStates		434						
ANR	679	Symbol	hibernateSyntax		434						
ANR	680	Function	PowerDevilRunner :: ~PowerDevilRunner	105:0:5080:5120							
ANR	681	FunctionDef	PowerDevilRunner :: ~PowerDevilRunner ()		680	0					
ANR	682	CompoundStatement		106:0:5118:5120	680	0					
ANR	683	Identifier	PowerDevilRunner :: ~PowerDevilRunner		680	1					
ANR	684	ParameterList			680	2					
ANR	685	CFGEntryNode	ENTRY		680		True				
ANR	686	CFGExitNode	EXIT		680		True				
ANR	687	Function	PowerDevilRunner :: initUpdateTriggers	109:0:5123:6115							
ANR	688	FunctionDef	PowerDevilRunner :: initUpdateTriggers ()		687	0					
ANR	689	CompoundStatement		110:0:5167:6115	687	0					
ANR	690	IdentifierDeclStatement	QDBusConnection dbus = QDBusConnection :: sessionBus ( ) ;	112:4:5228:5280	687	0	True				
ANR	691	IdentifierDecl	dbus = QDBusConnection :: sessionBus ( )		687	0					
ANR	692	IdentifierDeclType	QDBusConnection		687	0					
ANR	693	Identifier	dbus		687	1					
ANR	694	AssignmentExpression	dbus = QDBusConnection :: sessionBus ( )		687	2		=			
ANR	695	Identifier	dbus		687	0					
ANR	696	CallExpression	QDBusConnection :: sessionBus ( )		687	1					
ANR	697	Callee	QDBusConnection :: sessionBus		687	0					
ANR	698	Identifier	QDBusConnection :: sessionBus		687	0					
ANR	699	ArgumentList			687	1					
ANR	700	IfStatement	"if ( dbus . interface ( ) -> isServiceRegistered ( QStringLiteral ( ""org.kde.Solid.PowerManagement"" ) ) )"		687	1					
ANR	701	Condition	"dbus . interface ( ) -> isServiceRegistered ( QStringLiteral ( ""org.kde.Solid.PowerManagement"" ) )"	113:8:5290:5375	687	0	True				
ANR	702	CallExpression	"dbus . interface ( ) -> isServiceRegistered ( QStringLiteral ( ""org.kde.Solid.PowerManagement"" ) )"		687	0					
ANR	703	Callee	dbus . interface ( ) -> isServiceRegistered		687	0					
ANR	704	PtrMemberAccess	dbus . interface ( ) -> isServiceRegistered		687	0					
ANR	705	CallExpression	dbus . interface ( )		687	0					
ANR	706	Callee	dbus . interface		687	0					
ANR	707	MemberAccess	dbus . interface		687	0					
ANR	708	Identifier	dbus		687	0					
ANR	709	Identifier	interface		687	1					
ANR	710	ArgumentList			687	1					
ANR	711	Identifier	isServiceRegistered		687	1					
ANR	712	ArgumentList	"QStringLiteral ( ""org.kde.Solid.PowerManagement"" )"		687	1					
ANR	713	Argument	"QStringLiteral ( ""org.kde.Solid.PowerManagement"" )"		687	0					
ANR	714	CallExpression	"QStringLiteral ( ""org.kde.Solid.PowerManagement"" )"		687	0					
ANR	715	Callee	QStringLiteral		687	0					
ANR	716	Identifier	QStringLiteral		687	0					
ANR	717	ArgumentList	"""org.kde.Solid.PowerManagement"""		687	1					
ANR	718	Argument	"""org.kde.Solid.PowerManagement"""		687	0					
ANR	719	PrimaryExpression	"""org.kde.Solid.PowerManagement"""		687	0					
ANR	720	CompoundStatement		4:96:210:210	687	1					
ANR	721	IfStatement	"if ( ! dbus . connect ( QStringLiteral ( ""org.kde.Solid.PowerManagement"" ) , QStringLiteral ( ""/org/kde/Solid/PowerManagement"" ) , QStringLiteral ( ""org.kde.Solid.PowerManagement"" ) , QStringLiteral ( ""profileChanged"" ) , this , SLOT ( updateStatus ( ) ) ) )"		687	0					
ANR	722	Condition	"! dbus . connect ( QStringLiteral ( ""org.kde.Solid.PowerManagement"" ) , QStringLiteral ( ""/org/kde/Solid/PowerManagement"" ) , QStringLiteral ( ""org.kde.Solid.PowerManagement"" ) , QStringLiteral ( ""profileChanged"" ) , this , SLOT ( updateStatus ( ) ) )"	114:12:5392:5692	687	0	True				
ANR	723	UnaryOperationExpression	"! dbus . connect ( QStringLiteral ( ""org.kde.Solid.PowerManagement"" ) , QStringLiteral ( ""/org/kde/Solid/PowerManagement"" ) , QStringLiteral ( ""org.kde.Solid.PowerManagement"" ) , QStringLiteral ( ""profileChanged"" ) , this , SLOT ( updateStatus ( ) ) )"		687	0					
ANR	724	UnaryOperator	!		687	0					
ANR	725	CallExpression	"dbus . connect ( QStringLiteral ( ""org.kde.Solid.PowerManagement"" ) , QStringLiteral ( ""/org/kde/Solid/PowerManagement"" ) , QStringLiteral ( ""org.kde.Solid.PowerManagement"" ) , QStringLiteral ( ""profileChanged"" ) , this , SLOT ( updateStatus ( ) ) )"		687	1					
ANR	726	Callee	dbus . connect		687	0					
ANR	727	MemberAccess	dbus . connect		687	0					
ANR	728	Identifier	dbus		687	0					
ANR	729	Identifier	connect		687	1					
ANR	730	ArgumentList	"QStringLiteral ( ""org.kde.Solid.PowerManagement"" )"		687	1					
ANR	731	Argument	"QStringLiteral ( ""org.kde.Solid.PowerManagement"" )"		687	0					
ANR	732	CallExpression	"QStringLiteral ( ""org.kde.Solid.PowerManagement"" )"		687	0					
ANR	733	Callee	QStringLiteral		687	0					
ANR	734	Identifier	QStringLiteral		687	0					
ANR	735	ArgumentList	"""org.kde.Solid.PowerManagement"""		687	1					
ANR	736	Argument	"""org.kde.Solid.PowerManagement"""		687	0					
ANR	737	PrimaryExpression	"""org.kde.Solid.PowerManagement"""		687	0					
ANR	738	Argument	"QStringLiteral ( ""/org/kde/Solid/PowerManagement"" )"		687	1					
ANR	739	CallExpression	"QStringLiteral ( ""/org/kde/Solid/PowerManagement"" )"		687	0					
ANR	740	Callee	QStringLiteral		687	0					
ANR	741	Identifier	QStringLiteral		687	0					
ANR	742	ArgumentList	"""/org/kde/Solid/PowerManagement"""		687	1					
ANR	743	Argument	"""/org/kde/Solid/PowerManagement"""		687	0					
ANR	744	PrimaryExpression	"""/org/kde/Solid/PowerManagement"""		687	0					
ANR	745	Argument	"QStringLiteral ( ""org.kde.Solid.PowerManagement"" )"		687	2					
ANR	746	CallExpression	"QStringLiteral ( ""org.kde.Solid.PowerManagement"" )"		687	0					
ANR	747	Callee	QStringLiteral		687	0					
ANR	748	Identifier	QStringLiteral		687	0					
ANR	749	ArgumentList	"""org.kde.Solid.PowerManagement"""		687	1					
ANR	750	Argument	"""org.kde.Solid.PowerManagement"""		687	0					
ANR	751	PrimaryExpression	"""org.kde.Solid.PowerManagement"""		687	0					
ANR	752	Argument	"QStringLiteral ( ""profileChanged"" )"		687	3					
ANR	753	CallExpression	"QStringLiteral ( ""profileChanged"" )"		687	0					
ANR	754	Callee	QStringLiteral		687	0					
ANR	755	Identifier	QStringLiteral		687	0					
ANR	756	ArgumentList	"""profileChanged"""		687	1					
ANR	757	Argument	"""profileChanged"""		687	0					
ANR	758	PrimaryExpression	"""profileChanged"""		687	0					
ANR	759	Argument	this		687	4					
ANR	760	Identifier	this		687	0					
ANR	761	Argument	SLOT ( updateStatus ( ) )		687	5					
ANR	762	CallExpression	SLOT ( updateStatus ( ) )		687	0					
ANR	763	Callee	SLOT		687	0					
ANR	764	Identifier	SLOT		687	0					
ANR	765	ArgumentList	updateStatus ( )		687	1					
ANR	766	Argument	updateStatus ( )		687	0					
ANR	767	CallExpression	updateStatus ( )		687	0					
ANR	768	Callee	updateStatus		687	0					
ANR	769	Identifier	updateStatus		687	0					
ANR	770	ArgumentList			687	1					
ANR	771	CompoundStatement		8:89:527:527	687	1					
ANR	772	ExpressionStatement	"qDebug ( ) << ""error!"""	118:12:5709:5729	687	0	True				
ANR	773	ShiftExpression	"qDebug ( ) << ""error!"""		687	0		<<			
ANR	774	CallExpression	qDebug ( )		687	0					
ANR	775	Callee	qDebug		687	0					
ANR	776	Identifier	qDebug		687	0					
ANR	777	ArgumentList			687	1					
ANR	778	PrimaryExpression	"""error!"""		687	1					
ANR	779	IfStatement	"if ( ! dbus . connect ( QStringLiteral ( ""org.kde.Solid.PowerManagement"" ) , QStringLiteral ( ""/org/kde/Solid/PowerManagement"" ) , QStringLiteral ( ""org.kde.Solid.PowerManagement"" ) , QStringLiteral ( ""configurationReloaded"" ) , this , SLOT ( updateStatus ( ) ) ) )"		687	1					
ANR	780	Condition	"! dbus . connect ( QStringLiteral ( ""org.kde.Solid.PowerManagement"" ) , QStringLiteral ( ""/org/kde/Solid/PowerManagement"" ) , QStringLiteral ( ""org.kde.Solid.PowerManagement"" ) , QStringLiteral ( ""configurationReloaded"" ) , this , SLOT ( updateStatus ( ) ) )"	120:12:5753:6060	687	0	True				
ANR	781	UnaryOperationExpression	"! dbus . connect ( QStringLiteral ( ""org.kde.Solid.PowerManagement"" ) , QStringLiteral ( ""/org/kde/Solid/PowerManagement"" ) , QStringLiteral ( ""org.kde.Solid.PowerManagement"" ) , QStringLiteral ( ""configurationReloaded"" ) , this , SLOT ( updateStatus ( ) ) )"		687	0					
ANR	782	UnaryOperator	!		687	0					
ANR	783	CallExpression	"dbus . connect ( QStringLiteral ( ""org.kde.Solid.PowerManagement"" ) , QStringLiteral ( ""/org/kde/Solid/PowerManagement"" ) , QStringLiteral ( ""org.kde.Solid.PowerManagement"" ) , QStringLiteral ( ""configurationReloaded"" ) , this , SLOT ( updateStatus ( ) ) )"		687	1					
ANR	784	Callee	dbus . connect		687	0					
ANR	785	MemberAccess	dbus . connect		687	0					
ANR	786	Identifier	dbus		687	0					
ANR	787	Identifier	connect		687	1					
ANR	788	ArgumentList	"QStringLiteral ( ""org.kde.Solid.PowerManagement"" )"		687	1					
ANR	789	Argument	"QStringLiteral ( ""org.kde.Solid.PowerManagement"" )"		687	0					
ANR	790	CallExpression	"QStringLiteral ( ""org.kde.Solid.PowerManagement"" )"		687	0					
ANR	791	Callee	QStringLiteral		687	0					
ANR	792	Identifier	QStringLiteral		687	0					
ANR	793	ArgumentList	"""org.kde.Solid.PowerManagement"""		687	1					
ANR	794	Argument	"""org.kde.Solid.PowerManagement"""		687	0					
ANR	795	PrimaryExpression	"""org.kde.Solid.PowerManagement"""		687	0					
ANR	796	Argument	"QStringLiteral ( ""/org/kde/Solid/PowerManagement"" )"		687	1					
ANR	797	CallExpression	"QStringLiteral ( ""/org/kde/Solid/PowerManagement"" )"		687	0					
ANR	798	Callee	QStringLiteral		687	0					
ANR	799	Identifier	QStringLiteral		687	0					
ANR	800	ArgumentList	"""/org/kde/Solid/PowerManagement"""		687	1					
ANR	801	Argument	"""/org/kde/Solid/PowerManagement"""		687	0					
ANR	802	PrimaryExpression	"""/org/kde/Solid/PowerManagement"""		687	0					
ANR	803	Argument	"QStringLiteral ( ""org.kde.Solid.PowerManagement"" )"		687	2					
ANR	804	CallExpression	"QStringLiteral ( ""org.kde.Solid.PowerManagement"" )"		687	0					
ANR	805	Callee	QStringLiteral		687	0					
ANR	806	Identifier	QStringLiteral		687	0					
ANR	807	ArgumentList	"""org.kde.Solid.PowerManagement"""		687	1					
ANR	808	Argument	"""org.kde.Solid.PowerManagement"""		687	0					
ANR	809	PrimaryExpression	"""org.kde.Solid.PowerManagement"""		687	0					
ANR	810	Argument	"QStringLiteral ( ""configurationReloaded"" )"		687	3					
ANR	811	CallExpression	"QStringLiteral ( ""configurationReloaded"" )"		687	0					
ANR	812	Callee	QStringLiteral		687	0					
ANR	813	Identifier	QStringLiteral		687	0					
ANR	814	ArgumentList	"""configurationReloaded"""		687	1					
ANR	815	Argument	"""configurationReloaded"""		687	0					
ANR	816	PrimaryExpression	"""configurationReloaded"""		687	0					
ANR	817	Argument	this		687	4					
ANR	818	Identifier	this		687	0					
ANR	819	Argument	SLOT ( updateStatus ( ) )		687	5					
ANR	820	CallExpression	SLOT ( updateStatus ( ) )		687	0					
ANR	821	Callee	SLOT		687	0					
ANR	822	Identifier	SLOT		687	0					
ANR	823	ArgumentList	updateStatus ( )		687	1					
ANR	824	Argument	updateStatus ( )		687	0					
ANR	825	CallExpression	updateStatus ( )		687	0					
ANR	826	Callee	updateStatus		687	0					
ANR	827	Identifier	updateStatus		687	0					
ANR	828	ArgumentList			687	1					
ANR	829	CompoundStatement		14:96:895:895	687	1					
ANR	830	ExpressionStatement	"qDebug ( ) << ""error!"""	124:12:6077:6097	687	0	True				
ANR	831	ShiftExpression	"qDebug ( ) << ""error!"""		687	0		<<			
ANR	832	CallExpression	qDebug ( )		687	0					
ANR	833	Callee	qDebug		687	0					
ANR	834	Identifier	qDebug		687	0					
ANR	835	ArgumentList			687	1					
ANR	836	PrimaryExpression	"""error!"""		687	1					
ANR	837	ReturnType	void		687	1					
ANR	838	Identifier	PowerDevilRunner :: initUpdateTriggers		687	2					
ANR	839	ParameterList			687	3					
ANR	840	CFGEntryNode	ENTRY		687		True				
ANR	841	CFGExitNode	EXIT		687		True				
ANR	842	Symbol	dbus . interface		687						
ANR	843	Symbol	dbus		687						
ANR	844	Symbol	* dbus . interface		687						
ANR	845	Symbol	updateStatus		687						
ANR	846	Symbol	dbus . interface ( ) -> isServiceRegistered		687						
ANR	847	Symbol	this		687						
ANR	848	Symbol	SLOT		687						
ANR	849	Symbol	dbus . connect		687						
ANR	850	Symbol	QStringLiteral		687						
ANR	851	Symbol	QDBusConnection :: sessionBus		687						
ANR	852	Symbol	* dbus		687						
ANR	853	Function	PowerDevilRunner :: updateStatus	129:0:6118:7625							
ANR	854	FunctionDef	PowerDevilRunner :: updateStatus ()		853	0					
ANR	855	CompoundStatement		130:0:6156:7625	853	0					
ANR	856	CompoundStatement		8:8:526:616	853	0					
ANR	857	IdentifierDeclStatement	"KSharedConfigPtr profilesConfig = KSharedConfig :: openConfig ( QStringLiteral ( ""powerdevil2profilesrc"" ) , KConfig :: SimpleConfig ) ;"	133:8:6204:6327	853	0	True				
ANR	858	IdentifierDecl	"profilesConfig = KSharedConfig :: openConfig ( QStringLiteral ( ""powerdevil2profilesrc"" ) , KConfig :: SimpleConfig )"		853	0					
ANR	859	IdentifierDeclType	KSharedConfigPtr		853	0					
ANR	860	Identifier	profilesConfig		853	1					
ANR	861	AssignmentExpression	"profilesConfig = KSharedConfig :: openConfig ( QStringLiteral ( ""powerdevil2profilesrc"" ) , KConfig :: SimpleConfig )"		853	2		=			
ANR	862	Identifier	profilesConfig		853	0					
ANR	863	CallExpression	"KSharedConfig :: openConfig ( QStringLiteral ( ""powerdevil2profilesrc"" ) , KConfig :: SimpleConfig )"		853	1					
ANR	864	Callee	KSharedConfig :: openConfig		853	0					
ANR	865	Identifier	KSharedConfig :: openConfig		853	0					
ANR	866	ArgumentList	"QStringLiteral ( ""powerdevil2profilesrc"" )"		853	1					
ANR	867	Argument	"QStringLiteral ( ""powerdevil2profilesrc"" )"		853	0					
ANR	868	CallExpression	"QStringLiteral ( ""powerdevil2profilesrc"" )"		853	0					
ANR	869	Callee	QStringLiteral		853	0					
ANR	870	Identifier	QStringLiteral		853	0					
ANR	871	ArgumentList	"""powerdevil2profilesrc"""		853	1					
ANR	872	Argument	"""powerdevil2profilesrc"""		853	0					
ANR	873	PrimaryExpression	"""powerdevil2profilesrc"""		853	0					
ANR	874	Argument	KConfig :: SimpleConfig		853	1					
ANR	875	Identifier	KConfig :: SimpleConfig		853	0					
ANR	876	IdentifierDeclStatement	"QDBusMessage call = QDBusMessage :: createMethodCall ( QStringLiteral ( ""org.kde.Solid.PowerManagement"" ) , QStringLiteral ( ""/org/kde/Solid/PowerManagement"" ) , QStringLiteral ( ""org.kde.Solid.PowerManagement"" ) , QStringLiteral ( ""availableProfiles"" ) ) ;"	135:8:6379:6673	853	1	True				
ANR	877	IdentifierDecl	"call = QDBusMessage :: createMethodCall ( QStringLiteral ( ""org.kde.Solid.PowerManagement"" ) , QStringLiteral ( ""/org/kde/Solid/PowerManagement"" ) , QStringLiteral ( ""org.kde.Solid.PowerManagement"" ) , QStringLiteral ( ""availableProfiles"" ) )"		853	0					
ANR	878	IdentifierDeclType	QDBusMessage		853	0					
ANR	879	Identifier	call		853	1					
ANR	880	AssignmentExpression	"call = QDBusMessage :: createMethodCall ( QStringLiteral ( ""org.kde.Solid.PowerManagement"" ) , QStringLiteral ( ""/org/kde/Solid/PowerManagement"" ) , QStringLiteral ( ""org.kde.Solid.PowerManagement"" ) , QStringLiteral ( ""availableProfiles"" ) )"		853	2		=			
ANR	881	Identifier	call		853	0					
ANR	882	CallExpression	"QDBusMessage :: createMethodCall ( QStringLiteral ( ""org.kde.Solid.PowerManagement"" ) , QStringLiteral ( ""/org/kde/Solid/PowerManagement"" ) , QStringLiteral ( ""org.kde.Solid.PowerManagement"" ) , QStringLiteral ( ""availableProfiles"" ) )"		853	1					
ANR	883	Callee	QDBusMessage :: createMethodCall		853	0					
ANR	884	Identifier	QDBusMessage :: createMethodCall		853	0					
ANR	885	ArgumentList	"QStringLiteral ( ""org.kde.Solid.PowerManagement"" )"		853	1					
ANR	886	Argument	"QStringLiteral ( ""org.kde.Solid.PowerManagement"" )"		853	0					
ANR	887	CallExpression	"QStringLiteral ( ""org.kde.Solid.PowerManagement"" )"		853	0					
ANR	888	Callee	QStringLiteral		853	0					
ANR	889	Identifier	QStringLiteral		853	0					
ANR	890	ArgumentList	"""org.kde.Solid.PowerManagement"""		853	1					
ANR	891	Argument	"""org.kde.Solid.PowerManagement"""		853	0					
ANR	892	PrimaryExpression	"""org.kde.Solid.PowerManagement"""		853	0					
ANR	893	Argument	"QStringLiteral ( ""/org/kde/Solid/PowerManagement"" )"		853	1					
ANR	894	CallExpression	"QStringLiteral ( ""/org/kde/Solid/PowerManagement"" )"		853	0					
ANR	895	Callee	QStringLiteral		853	0					
ANR	896	Identifier	QStringLiteral		853	0					
ANR	897	ArgumentList	"""/org/kde/Solid/PowerManagement"""		853	1					
ANR	898	Argument	"""/org/kde/Solid/PowerManagement"""		853	0					
ANR	899	PrimaryExpression	"""/org/kde/Solid/PowerManagement"""		853	0					
ANR	900	Argument	"QStringLiteral ( ""org.kde.Solid.PowerManagement"" )"		853	2					
ANR	901	CallExpression	"QStringLiteral ( ""org.kde.Solid.PowerManagement"" )"		853	0					
ANR	902	Callee	QStringLiteral		853	0					
ANR	903	Identifier	QStringLiteral		853	0					
ANR	904	ArgumentList	"""org.kde.Solid.PowerManagement"""		853	1					
ANR	905	Argument	"""org.kde.Solid.PowerManagement"""		853	0					
ANR	906	PrimaryExpression	"""org.kde.Solid.PowerManagement"""		853	0					
ANR	907	Argument	"QStringLiteral ( ""availableProfiles"" )"		853	3					
ANR	908	CallExpression	"QStringLiteral ( ""availableProfiles"" )"		853	0					
ANR	909	Callee	QStringLiteral		853	0					
ANR	910	Identifier	QStringLiteral		853	0					
ANR	911	ArgumentList	"""availableProfiles"""		853	1					
ANR	912	Argument	"""availableProfiles"""		853	0					
ANR	913	PrimaryExpression	"""availableProfiles"""		853	0					
ANR	914	IdentifierDeclStatement	QDBusPendingReply < StringStringMap > reply = QDBusConnection :: sessionBus ( ) . asyncCall ( call ) ;	137:8:6683:6773	853	2	True				
ANR	915	IdentifierDecl	reply = QDBusConnection :: sessionBus ( ) . asyncCall ( call )		853	0					
ANR	916	IdentifierDeclType	QDBusPendingReply < StringStringMap >		853	0					
ANR	917	Identifier	reply		853	1					
ANR	918	AssignmentExpression	reply = QDBusConnection :: sessionBus ( ) . asyncCall ( call )		853	2		=			
ANR	919	Identifier	reply		853	0					
ANR	920	CallExpression	QDBusConnection :: sessionBus ( ) . asyncCall ( call )		853	1					
ANR	921	Callee	QDBusConnection :: sessionBus ( ) . asyncCall		853	0					
ANR	922	MemberAccess	QDBusConnection :: sessionBus ( ) . asyncCall		853	0					
ANR	923	CallExpression	QDBusConnection :: sessionBus ( )		853	0					
ANR	924	Callee	QDBusConnection :: sessionBus		853	0					
ANR	925	Identifier	QDBusConnection :: sessionBus		853	0					
ANR	926	ArgumentList			853	1					
ANR	927	Identifier	asyncCall		853	1					
ANR	928	ArgumentList	call		853	1					
ANR	929	Argument	call		853	0					
ANR	930	Identifier	call		853	0					
ANR	931	ExpressionStatement	reply . waitForFinished ( )	138:8:6783:6806	853	3	True				
ANR	932	CallExpression	reply . waitForFinished ( )		853	0					
ANR	933	Callee	reply . waitForFinished		853	0					
ANR	934	MemberAccess	reply . waitForFinished		853	0					
ANR	935	Identifier	reply		853	0					
ANR	936	Identifier	waitForFinished		853	1					
ANR	937	ArgumentList			853	1					
ANR	938	IfStatement	if ( ! reply . isValid ( ) )		853	4					
ANR	939	Condition	! reply . isValid ( )	140:12:6821:6836	853	0	True				
ANR	940	UnaryOperationExpression	! reply . isValid ( )		853	0					
ANR	941	UnaryOperator	!		853	0					
ANR	942	CallExpression	reply . isValid ( )		853	1					
ANR	943	Callee	reply . isValid		853	0					
ANR	944	MemberAccess	reply . isValid		853	0					
ANR	945	Identifier	reply		853	0					
ANR	946	Identifier	isValid		853	1					
ANR	947	ArgumentList			853	1					
ANR	948	CompoundStatement		11:30:682:682	853	1					
ANR	949	ExpressionStatement	"qDebug ( ) << ""Error contacting the daemon!"""	141:12:6853:6895	853	0	True				
ANR	950	ShiftExpression	"qDebug ( ) << ""Error contacting the daemon!"""		853	0		<<			
ANR	951	CallExpression	qDebug ( )		853	0					
ANR	952	Callee	qDebug		853	0					
ANR	953	Identifier	qDebug		853	0					
ANR	954	ArgumentList			853	1					
ANR	955	PrimaryExpression	"""Error contacting the daemon!"""		853	1					
ANR	956	ReturnStatement	return ;	142:12:6909:6915	853	1	True				
ANR	957	ExpressionStatement	m_availableProfiles = reply . value ( )	145:8:6936:6971	853	5	True				
ANR	958	AssignmentExpression	m_availableProfiles = reply . value ( )		853	0		=			
ANR	959	Identifier	m_availableProfiles		853	0					
ANR	960	CallExpression	reply . value ( )		853	1					
ANR	961	Callee	reply . value		853	0					
ANR	962	MemberAccess	reply . value		853	0					
ANR	963	Identifier	reply		853	0					
ANR	964	Identifier	value		853	1					
ANR	965	ArgumentList			853	1					
ANR	966	IfStatement	if ( m_availableProfiles . isEmpty ( ) )		853	6					
ANR	967	Condition	m_availableProfiles . isEmpty ( )	147:12:6986:7014	853	0	True				
ANR	968	CallExpression	m_availableProfiles . isEmpty ( )		853	0					
ANR	969	Callee	m_availableProfiles . isEmpty		853	0					
ANR	970	MemberAccess	m_availableProfiles . isEmpty		853	0					
ANR	971	Identifier	m_availableProfiles		853	0					
ANR	972	Identifier	isEmpty		853	1					
ANR	973	ArgumentList			853	1					
ANR	974	CompoundStatement		18:43:860:860	853	1					
ANR	975	ExpressionStatement	"qDebug ( ) << ""No available profiles!"""	148:12:7031:7067	853	0	True				
ANR	976	ShiftExpression	"qDebug ( ) << ""No available profiles!"""		853	0		<<			
ANR	977	CallExpression	qDebug ( )		853	0					
ANR	978	Callee	qDebug		853	0					
ANR	979	Identifier	qDebug		853	0					
ANR	980	ArgumentList			853	1					
ANR	981	PrimaryExpression	"""No available profiles!"""		853	1					
ANR	982	ReturnStatement	return ;	149:12:7081:7087	853	1	True				
ANR	983	ForStatement	for ( StringStringMap :: const_iterator i = m_availableProfiles . constBegin ( ) ; i != m_availableProfiles . constEnd ( ) ; ++ i )		853	7					
ANR	984	ForInit	StringStringMap :: const_iterator i = m_availableProfiles . constBegin ( ) ;	152:13:7113:7181	853	0	True				
ANR	985	IdentifierDeclStatement	StringStringMap :: const_iterator i = m_availableProfiles . constBegin ( ) ;		853	0					
ANR	986	IdentifierDecl	i = m_availableProfiles . constBegin ( )		853	0					
ANR	987	IdentifierDeclType	StringStringMap :: const_iterator		853	0					
ANR	988	Identifier	i		853	1					
ANR	989	AssignmentExpression	i = m_availableProfiles . constBegin ( )		853	2		=			
ANR	990	Identifier	i		853	0					
ANR	991	CallExpression	m_availableProfiles . constBegin ( )		853	1					
ANR	992	Callee	m_availableProfiles . constBegin		853	0					
ANR	993	MemberAccess	m_availableProfiles . constBegin		853	0					
ANR	994	Identifier	m_availableProfiles		853	0					
ANR	995	Identifier	constBegin		853	1					
ANR	996	ArgumentList			853	1					
ANR	997	Condition	i != m_availableProfiles . constEnd ( )	152:83:7183:7217	853	1	True				
ANR	998	EqualityExpression	i != m_availableProfiles . constEnd ( )		853	0		!=			
ANR	999	Identifier	i		853	0					
ANR	1000	CallExpression	m_availableProfiles . constEnd ( )		853	1					
ANR	1001	Callee	m_availableProfiles . constEnd		853	0					
ANR	1002	MemberAccess	m_availableProfiles . constEnd		853	0					
ANR	1003	Identifier	m_availableProfiles		853	0					
ANR	1004	Identifier	constEnd		853	1					
ANR	1005	ArgumentList			853	1					
ANR	1006	UnaryExpression	++ i	152:120:7220:7222	853	2	True				
ANR	1007	IncDec	++		853	0					
ANR	1008	Identifier	i		853	1					
ANR	1009	CompoundStatement		24:12:1082:1128	853	3					
ANR	1010	IdentifierDeclStatement	"KConfigGroup settings ( profilesConfig , i . key ( ) ) ;"	153:12:7239:7285	853	0	True				
ANR	1011	IdentifierDecl	"settings ( profilesConfig , i . key ( ) )"		853	0					
ANR	1012	IdentifierDeclType	KConfigGroup		853	0					
ANR	1013	Identifier	settings		853	1					
ANR	1014	Expression	"profilesConfig , i . key ( )"		853	2					
ANR	1015	Identifier	profilesConfig		853	0					
ANR	1016	CallExpression	i . key ( )		853	1					
ANR	1017	Callee	i . key		853	0					
ANR	1018	MemberAccess	i . key		853	0					
ANR	1019	Identifier	i		853	0					
ANR	1020	Identifier	key		853	1					
ANR	1021	ArgumentList			853	1					
ANR	1022	IfStatement	"if ( settings . readEntry < QString > ( ""icon"" , QString ( ) ) . isEmpty ( ) )"		853	1					
ANR	1023	Condition	"settings . readEntry < QString > ( ""icon"" , QString ( ) ) . isEmpty ( )"	154:16:7303:7360	853	0	True				
ANR	1024	RelationalExpression	"settings . readEntry < QString > ( ""icon"" , QString ( ) ) . isEmpty ( )"		853	0		<			
ANR	1025	MemberAccess	settings . readEntry		853	0					
ANR	1026	Identifier	settings		853	0					
ANR	1027	Identifier	readEntry		853	1					
ANR	1028	RelationalExpression	"QString > ( ""icon"" , QString ( ) ) . isEmpty ( )"		853	1		>			
ANR	1029	Identifier	QString		853	0					
ANR	1030	CallExpression	"( ""icon"" , QString ( ) ) . isEmpty ( )"		853	1					
ANR	1031	Callee	"( ""icon"" , QString ( ) ) . isEmpty"		853	0					
ANR	1032	MemberAccess	"( ""icon"" , QString ( ) ) . isEmpty"		853	0					
ANR	1033	Expression	"""icon"" , QString ( )"		853	0					
ANR	1034	PrimaryExpression	"""icon"""		853	0					
ANR	1035	CallExpression	QString ( )		853	1					
ANR	1036	Callee	QString		853	0					
ANR	1037	Identifier	QString		853	0					
ANR	1038	ArgumentList			853	1					
ANR	1039	Identifier	isEmpty		853	1					
ANR	1040	ArgumentList			853	1					
ANR	1041	CompoundStatement		25:76:1206:1206	853	1					
ANR	1042	ExpressionStatement	"m_profileIcon [ i . key ( ) ] = QLatin1String ( ""preferences-system-power-management"" )"	155:16:7381:7458	853	0	True				
ANR	1043	AssignmentExpression	"m_profileIcon [ i . key ( ) ] = QLatin1String ( ""preferences-system-power-management"" )"		853	0		=			
ANR	1044	ArrayIndexing	m_profileIcon [ i . key ( ) ]		853	0					
ANR	1045	Identifier	m_profileIcon		853	0					
ANR	1046	CallExpression	i . key ( )		853	1					
ANR	1047	Callee	i . key		853	0					
ANR	1048	MemberAccess	i . key		853	0					
ANR	1049	Identifier	i		853	0					
ANR	1050	Identifier	key		853	1					
ANR	1051	ArgumentList			853	1					
ANR	1052	CallExpression	"QLatin1String ( ""preferences-system-power-management"" )"		853	1					
ANR	1053	Callee	QLatin1String		853	0					
ANR	1054	Identifier	QLatin1String		853	0					
ANR	1055	ArgumentList	"""preferences-system-power-management"""		853	1					
ANR	1056	Argument	"""preferences-system-power-management"""		853	0					
ANR	1057	PrimaryExpression	"""preferences-system-power-management"""		853	0					
ANR	1058	ElseStatement	else		853	0					
ANR	1059	CompoundStatement		27:19:1322:1322	853	0					
ANR	1060	ExpressionStatement	"m_profileIcon [ i . key ( ) ] = settings . readEntry < QString > ( ""icon"" , QString ( ) )"	157:16:7497:7570	853	0	True				
ANR	1061	AssignmentExpression	"m_profileIcon [ i . key ( ) ] = settings . readEntry < QString > ( ""icon"" , QString ( ) )"		853	0		=			
ANR	1062	ArrayIndexing	m_profileIcon [ i . key ( ) ]		853	0					
ANR	1063	Identifier	m_profileIcon		853	0					
ANR	1064	CallExpression	i . key ( )		853	1					
ANR	1065	Callee	i . key		853	0					
ANR	1066	MemberAccess	i . key		853	0					
ANR	1067	Identifier	i		853	0					
ANR	1068	Identifier	key		853	1					
ANR	1069	ArgumentList			853	1					
ANR	1070	RelationalExpression	"settings . readEntry < QString > ( ""icon"" , QString ( ) )"		853	1		<			
ANR	1071	MemberAccess	settings . readEntry		853	0					
ANR	1072	Identifier	settings		853	0					
ANR	1073	Identifier	readEntry		853	1					
ANR	1074	RelationalExpression	"QString > ( ""icon"" , QString ( ) )"		853	1		>			
ANR	1075	Identifier	QString		853	0					
ANR	1076	Expression	"""icon"" , QString ( )"		853	1					
ANR	1077	PrimaryExpression	"""icon"""		853	0					
ANR	1078	CallExpression	QString ( )		853	1					
ANR	1079	Callee	QString		853	0					
ANR	1080	Identifier	QString		853	0					
ANR	1081	ArgumentList			853	1					
ANR	1082	ExpressionStatement	updateSyntaxes ( )	162:4:7607:7623	853	1	True				
ANR	1083	CallExpression	updateSyntaxes ( )		853	0					
ANR	1084	Callee	updateSyntaxes		853	0					
ANR	1085	Identifier	updateSyntaxes		853	0					
ANR	1086	ArgumentList			853	1					
ANR	1087	ReturnType	void		853	1					
ANR	1088	Identifier	PowerDevilRunner :: updateStatus		853	2					
ANR	1089	ParameterList			853	3					
ANR	1090	CFGEntryNode	ENTRY		853		True				
ANR	1091	CFGExitNode	EXIT		853		True				
ANR	1092	Symbol	* i . key		853						
ANR	1093	Symbol	reply . isValid		853						
ANR	1094	Symbol	QString		853						
ANR	1095	Symbol	settings . readEntry		853						
ANR	1096	Symbol	reply . value		853						
ANR	1097	Symbol	i . key		853						
ANR	1098	Symbol	m_availableProfiles . constEnd		853						
ANR	1099	Symbol	QDBusMessage :: createMethodCall		853						
ANR	1100	Symbol	reply		853						
ANR	1101	Symbol	QDBusConnection :: sessionBus		853						
ANR	1102	Symbol	m_availableProfiles		853						
ANR	1103	Symbol	m_availableProfiles . isEmpty		853						
ANR	1104	Symbol	profilesConfig		853						
ANR	1105	Symbol	settings		853						
ANR	1106	Symbol	m_availableProfiles . constBegin		853						
ANR	1107	Symbol	QDBusConnection :: sessionBus ( ) . asyncCall		853						
ANR	1108	Symbol	i		853						
ANR	1109	Symbol	call		853						
ANR	1110	Symbol	QLatin1String		853						
ANR	1111	Symbol	"( ""icon"" , QString ( ) ) . isEmpty"		853						
ANR	1112	Symbol	* i		853						
ANR	1113	Symbol	KSharedConfig :: openConfig		853						
ANR	1114	Symbol	m_profileIcon		853						
ANR	1115	Symbol	QStringLiteral		853						
ANR	1116	Symbol	* m_profileIcon		853						
ANR	1117	Symbol	KConfig :: SimpleConfig		853						
ANR	1118	Function	PowerDevilRunner :: parseQuery	166:0:7629:7927							
ANR	1119	FunctionDef	"PowerDevilRunner :: parseQuery (const QString & query , const QList < QRegExp > & rxList , QString & parameter)"		1118	0					
ANR	1120	CompoundStatement		167:0:7741:7927	1118	0					
ANR	1121	Statement	foreach	168:4:7747:7753	1118	0	True				
ANR	1122	Statement	(	168:12:7755:7755	1118	1	True				
ANR	1123	Statement	const	168:13:7756:7760	1118	2	True				
ANR	1124	Statement	QRegExp	168:19:7762:7768	1118	3	True				
ANR	1125	Statement	&	168:26:7769:7769	1118	4	True				
ANR	1126	Statement	rx	168:28:7771:7772	1118	5	True				
ANR	1127	Statement	","	168:30:7773:7773	1118	6	True				
ANR	1128	Statement	rxList	168:32:7775:7780	1118	7	True				
ANR	1129	Statement	)	168:38:7781:7781	1118	8	True				
ANR	1130	CompoundStatement		2:40:41:41	1118	9					
ANR	1131	IfStatement	if ( rx . exactMatch ( query ) )		1118	0					
ANR	1132	Condition	rx . exactMatch ( query )	169:12:7797:7816	1118	0	True				
ANR	1133	CallExpression	rx . exactMatch ( query )		1118	0					
ANR	1134	Callee	rx . exactMatch		1118	0					
ANR	1135	MemberAccess	rx . exactMatch		1118	0					
ANR	1136	Identifier	rx		1118	0					
ANR	1137	Identifier	exactMatch		1118	1					
ANR	1138	ArgumentList	query		1118	1					
ANR	1139	Argument	query		1118	0					
ANR	1140	Identifier	query		1118	0					
ANR	1141	CompoundStatement		3:34:77:77	1118	1					
ANR	1142	ExpressionStatement	parameter = rx . cap ( 1 ) . trimmed ( )	170:13:7834:7865	1118	0	True				
ANR	1143	AssignmentExpression	parameter = rx . cap ( 1 ) . trimmed ( )		1118	0		=			
ANR	1144	Identifier	parameter		1118	0					
ANR	1145	CallExpression	rx . cap ( 1 ) . trimmed ( )		1118	1					
ANR	1146	Callee	rx . cap ( 1 ) . trimmed		1118	0					
ANR	1147	MemberAccess	rx . cap ( 1 ) . trimmed		1118	0					
ANR	1148	CallExpression	rx . cap ( 1 )		1118	0					
ANR	1149	Callee	rx . cap		1118	0					
ANR	1150	MemberAccess	rx . cap		1118	0					
ANR	1151	Identifier	rx		1118	0					
ANR	1152	Identifier	cap		1118	1					
ANR	1153	ArgumentList	1		1118	1					
ANR	1154	Argument	1		1118	0					
ANR	1155	PrimaryExpression	1		1118	0					
ANR	1156	Identifier	trimmed		1118	1					
ANR	1157	ArgumentList			1118	1					
ANR	1158	ReturnStatement	return true ;	171:13:7880:7891	1118	1	True				
ANR	1159	Identifier	true		1118	0					
ANR	1160	ReturnStatement	return false ;	174:4:7913:7925	1118	10	True				
ANR	1161	Identifier	false		1118	0					
ANR	1162	ReturnType	bool		1118	1					
ANR	1163	Identifier	PowerDevilRunner :: parseQuery		1118	2					
ANR	1164	ParameterList	"const QString & query , const QList < QRegExp > & rxList , QString & parameter"		1118	3					
ANR	1165	Parameter	const QString & query	166:34:7663:7682	1118	0	True				
ANR	1166	ParameterType	const QString &		1118	0					
ANR	1167	Identifier	query		1118	1					
ANR	1168	Parameter	const QList < QRegExp > & rxList	166:56:7685:7712	1118	1	True				
ANR	1169	ParameterType	const QList < QRegExp > &		1118	0					
ANR	1170	Identifier	rxList		1118	1					
ANR	1171	Parameter	QString & parameter	166:86:7715:7732	1118	2	True				
ANR	1172	ParameterType	QString &		1118	0					
ANR	1173	Identifier	parameter		1118	1					
ANR	1174	CFGEntryNode	ENTRY		1118		True				
ANR	1175	CFGExitNode	EXIT		1118		True				
ANR	1176	Symbol	rxList		1118						
ANR	1177	Symbol	rx . cap		1118						
ANR	1178	Symbol	rx		1118						
ANR	1179	Symbol	rx . exactMatch		1118						
ANR	1180	Symbol	query		1118						
ANR	1181	Symbol	parameter		1118						
ANR	1182	Symbol	rx . cap ( 1 ) . trimmed		1118						
ANR	1183	Symbol	true		1118						
ANR	1184	Symbol	false		1118						
ANR	1185	Function	PowerDevilRunner :: match	177:0:7930:12496							
ANR	1186	FunctionDef	PowerDevilRunner :: match (Plasma :: RunnerContext & context)		1185	0					
ANR	1187	CompoundStatement		178:0:7991:12496	1185	0					
ANR	1188	IdentifierDeclStatement	const QString term = context . query ( ) ;	179:4:7997:8033	1185	0	True				
ANR	1189	IdentifierDecl	term = context . query ( )		1185	0					
ANR	1190	IdentifierDeclType	const QString		1185	0					
ANR	1191	Identifier	term		1185	1					
ANR	1192	AssignmentExpression	term = context . query ( )		1185	2		=			
ANR	1193	Identifier	term		1185	0					
ANR	1194	CallExpression	context . query ( )		1185	1					
ANR	1195	Callee	context . query		1185	0					
ANR	1196	MemberAccess	context . query		1185	0					
ANR	1197	Identifier	context		1185	0					
ANR	1198	Identifier	query		1185	1					
ANR	1199	ArgumentList			1185	1					
ANR	1200	IfStatement	if ( term . length ( ) < m_shortestCommand )		1185	1					
ANR	1201	Condition	term . length ( ) < m_shortestCommand	180:8:8043:8075	1185	0	True				
ANR	1202	RelationalExpression	term . length ( ) < m_shortestCommand		1185	0		<			
ANR	1203	CallExpression	term . length ( )		1185	0					
ANR	1204	Callee	term . length		1185	0					
ANR	1205	MemberAccess	term . length		1185	0					
ANR	1206	Identifier	term		1185	0					
ANR	1207	Identifier	length		1185	1					
ANR	1208	ArgumentList			1185	1					
ANR	1209	Identifier	m_shortestCommand		1185	1					
ANR	1210	CompoundStatement		3:43:86:86	1185	1					
ANR	1211	ReturnStatement	return ;	181:8:8088:8094	1185	0	True				
ANR	1212	ElseStatement	else		1185	0					
ANR	1213	Statement	if	207:11:9218:9219	1185	0	True				
ANR	1214	IdentifierDeclStatement	QList < Plasma :: QueryMatch > matches ;	184:4:8107:8140	1185	2	True				
ANR	1215	IdentifierDecl	matches		1185	0					
ANR	1216	IdentifierDeclType	QList < Plasma :: QueryMatch >		1185	0					
ANR	1217	Identifier	matches		1185	1					
ANR	1218	IdentifierDeclStatement	QString parameter ;	186:4:8147:8164	1185	3	True				
ANR	1219	IdentifierDecl	parameter		1185	0					
ANR	1220	IdentifierDeclType	QString		1185	0					
ANR	1221	Identifier	parameter		1185	1					
ANR	1222	Statement	if	188:4:8171:8172	1185	4	True				
ANR	1223	Statement	(	188:7:8174:8174	1185	5	True				
ANR	1224	Statement	parseQuery	188:8:8175:8184	1185	6	True				
ANR	1225	Statement	(	188:18:8185:8185	1185	7	True				
ANR	1226	Statement	term	188:19:8186:8189	1185	8	True				
ANR	1227	Statement	","	188:23:8190:8190	1185	9	True				
ANR	1228	Statement	QList	189:19:8211:8215	1185	10	True				
ANR	1229	Statement	<	189:24:8216:8216	1185	11	True				
ANR	1230	Statement	QRegExp	189:25:8217:8223	1185	12	True				
ANR	1231	Statement	>	189:32:8224:8224	1185	13	True				
ANR	1232	Statement	(	189:33:8225:8225	1185	14	True				
ANR	1233	Statement	)	189:34:8226:8226	1185	15	True				
ANR	1234	Statement	<<	189:36:8228:8229	1185	16	True				
ANR	1235	Statement	QRegExp	189:39:8231:8237	1185	17	True				
ANR	1236	Statement	(	189:46:8238:8238	1185	18	True				
ANR	1237	Statement	i18nc	189:47:8239:8243	1185	19	True				
ANR	1238	Statement	(	189:52:8244:8244	1185	20	True				
ANR	1239	Statement	"""Note this is a KRunner keyword; %1 is a parameter"""	189:53:8245:8295	1185	21	True				
ANR	1240	Statement	","	189:104:8296:8296	1185	22	True				
ANR	1241	Statement	"""power profile %1"""	189:106:8298:8315	1185	23	True				
ANR	1242	Statement	","	189:124:8316:8316	1185	24	True				
ANR	1243	Statement	"""(.*)"""	189:126:8318:8323	1185	25	True				
ANR	1244	Statement	)	189:132:8324:8324	1185	26	True				
ANR	1245	Statement	","	189:133:8325:8325	1185	27	True				
ANR	1246	Statement	Qt	189:135:8327:8328	1185	28	True				
ANR	1247	Statement	::	189:137:8329:8330	1185	29	True				
ANR	1248	Statement	CaseInsensitive	189:139:8331:8345	1185	30	True				
ANR	1249	Statement	)	189:154:8346:8346	1185	31	True				
ANR	1250	Statement	<<	190:36:8384:8385	1185	32	True				
ANR	1251	Statement	QRegExp	190:39:8387:8393	1185	33	True				
ANR	1252	Statement	(	190:46:8394:8394	1185	34	True				
ANR	1253	Statement	i18nc	190:47:8395:8399	1185	35	True				
ANR	1254	Statement	(	190:52:8400:8400	1185	36	True				
ANR	1255	Statement	"""Note this is a KRunner keyword"""	190:53:8401:8432	1185	37	True				
ANR	1256	Statement	","	190:85:8433:8433	1185	38	True				
ANR	1257	Statement	"""power profile"""	190:87:8435:8449	1185	39	True				
ANR	1258	Statement	)	190:102:8450:8450	1185	40	True				
ANR	1259	Statement	","	190:103:8451:8451	1185	41	True				
ANR	1260	Statement	Qt	190:105:8453:8454	1185	42	True				
ANR	1261	Statement	::	190:107:8455:8456	1185	43	True				
ANR	1262	Statement	CaseInsensitive	190:109:8457:8471	1185	44	True				
ANR	1263	Statement	)	190:124:8472:8472	1185	45	True				
ANR	1264	Statement	","	190:125:8473:8473	1185	46	True				
ANR	1265	Statement	parameter	191:19:8494:8502	1185	47	True				
ANR	1266	Statement	)	191:28:8503:8503	1185	48	True				
ANR	1267	Statement	)	191:29:8504:8504	1185	49	True				
ANR	1268	CompoundStatement		14:31:514:514	1185	50					
ANR	1269	ForStatement	for ( StringStringMap :: const_iterator i = m_availableProfiles . constBegin ( ) ; i != m_availableProfiles . constEnd ( ) ; ++ i )		1185	0					
ANR	1270	ForInit	StringStringMap :: const_iterator i = m_availableProfiles . constBegin ( ) ;	192:13:8521:8589	1185	0	True				
ANR	1271	IdentifierDeclStatement	StringStringMap :: const_iterator i = m_availableProfiles . constBegin ( ) ;		1185	0					
ANR	1272	IdentifierDecl	i = m_availableProfiles . constBegin ( )		1185	0					
ANR	1273	IdentifierDeclType	StringStringMap :: const_iterator		1185	0					
ANR	1274	Identifier	i		1185	1					
ANR	1275	AssignmentExpression	i = m_availableProfiles . constBegin ( )		1185	2		=			
ANR	1276	Identifier	i		1185	0					
ANR	1277	CallExpression	m_availableProfiles . constBegin ( )		1185	1					
ANR	1278	Callee	m_availableProfiles . constBegin		1185	0					
ANR	1279	MemberAccess	m_availableProfiles . constBegin		1185	0					
ANR	1280	Identifier	m_availableProfiles		1185	0					
ANR	1281	Identifier	constBegin		1185	1					
ANR	1282	ArgumentList			1185	1					
ANR	1283	Condition	i != m_availableProfiles . constEnd ( )	192:83:8591:8625	1185	1	True				
ANR	1284	EqualityExpression	i != m_availableProfiles . constEnd ( )		1185	0		!=			
ANR	1285	Identifier	i		1185	0					
ANR	1286	CallExpression	m_availableProfiles . constEnd ( )		1185	1					
ANR	1287	Callee	m_availableProfiles . constEnd		1185	0					
ANR	1288	MemberAccess	m_availableProfiles . constEnd		1185	0					
ANR	1289	Identifier	m_availableProfiles		1185	0					
ANR	1290	Identifier	constEnd		1185	1					
ANR	1291	ArgumentList			1185	1					
ANR	1292	UnaryExpression	++ i	192:120:8628:8630	1185	2	True				
ANR	1293	IncDec	++		1185	0					
ANR	1294	Identifier	i		1185	1					
ANR	1295	CompoundStatement		21:12:834:864	1185	3					
ANR	1296	IfStatement	if ( ! parameter . isEmpty ( ) )		1185	0					
ANR	1297	Condition	! parameter . isEmpty ( )	193:16:8651:8670	1185	0	True				
ANR	1298	UnaryOperationExpression	! parameter . isEmpty ( )		1185	0					
ANR	1299	UnaryOperator	!		1185	0					
ANR	1300	CallExpression	parameter . isEmpty ( )		1185	1					
ANR	1301	Callee	parameter . isEmpty		1185	0					
ANR	1302	MemberAccess	parameter . isEmpty		1185	0					
ANR	1303	Identifier	parameter		1185	0					
ANR	1304	Identifier	isEmpty		1185	1					
ANR	1305	ArgumentList			1185	1					
ANR	1306	CompoundStatement		16:38:681:681	1185	1					
ANR	1307	IfStatement	"if ( ! i . value ( ) . startsWith ( parameter , Qt :: CaseInsensitive ) )"		1185	0					
ANR	1308	Condition	"! i . value ( ) . startsWith ( parameter , Qt :: CaseInsensitive )"	194:20:8695:8747	1185	0	True				
ANR	1309	UnaryOperationExpression	"! i . value ( ) . startsWith ( parameter , Qt :: CaseInsensitive )"		1185	0					
ANR	1310	UnaryOperator	!		1185	0					
ANR	1311	CallExpression	"i . value ( ) . startsWith ( parameter , Qt :: CaseInsensitive )"		1185	1					
ANR	1312	Callee	i . value ( ) . startsWith		1185	0					
ANR	1313	MemberAccess	i . value ( ) . startsWith		1185	0					
ANR	1314	CallExpression	i . value ( )		1185	0					
ANR	1315	Callee	i . value		1185	0					
ANR	1316	MemberAccess	i . value		1185	0					
ANR	1317	Identifier	i		1185	0					
ANR	1318	Identifier	value		1185	1					
ANR	1319	ArgumentList			1185	1					
ANR	1320	Identifier	startsWith		1185	1					
ANR	1321	ArgumentList	parameter		1185	1					
ANR	1322	Argument	parameter		1185	0					
ANR	1323	Identifier	parameter		1185	0					
ANR	1324	Argument	Qt :: CaseInsensitive		1185	1					
ANR	1325	Identifier	Qt :: CaseInsensitive		1185	0					
ANR	1326	CompoundStatement		17:75:758:758	1185	1					
ANR	1327	ContinueStatement	continue ;	195:20:8772:8780	1185	0	True				
ANR	1328	IdentifierDeclStatement	Plasma :: QueryMatch match ( this ) ;	198:12:8826:8856	1185	1	True				
ANR	1329	IdentifierDecl	match ( this )		1185	0					
ANR	1330	IdentifierDeclType	Plasma :: QueryMatch		1185	0					
ANR	1331	Identifier	match		1185	1					
ANR	1332	Identifier	this		1185	2					
ANR	1333	ExpressionStatement	match . setType ( Plasma :: QueryMatch :: ExactMatch )	199:12:8870:8915	1185	2	True				
ANR	1334	CallExpression	match . setType ( Plasma :: QueryMatch :: ExactMatch )		1185	0					
ANR	1335	Callee	match . setType		1185	0					
ANR	1336	MemberAccess	match . setType		1185	0					
ANR	1337	Identifier	match		1185	0					
ANR	1338	Identifier	setType		1185	1					
ANR	1339	ArgumentList	Plasma :: QueryMatch :: ExactMatch		1185	1					
ANR	1340	Argument	Plasma :: QueryMatch :: ExactMatch		1185	0					
ANR	1341	Identifier	Plasma :: QueryMatch :: ExactMatch		1185	0					
ANR	1342	ExpressionStatement	match . setIconName ( m_profileIcon [ i . key ( ) ] )	200:12:8929:8970	1185	3	True				
ANR	1343	CallExpression	match . setIconName ( m_profileIcon [ i . key ( ) ] )		1185	0					
ANR	1344	Callee	match . setIconName		1185	0					
ANR	1345	MemberAccess	match . setIconName		1185	0					
ANR	1346	Identifier	match		1185	0					
ANR	1347	Identifier	setIconName		1185	1					
ANR	1348	ArgumentList	m_profileIcon [ i . key ( ) ]		1185	1					
ANR	1349	Argument	m_profileIcon [ i . key ( ) ]		1185	0					
ANR	1350	ArrayIndexing	m_profileIcon [ i . key ( ) ]		1185	0					
ANR	1351	Identifier	m_profileIcon		1185	0					
ANR	1352	CallExpression	i . key ( )		1185	1					
ANR	1353	Callee	i . key		1185	0					
ANR	1354	MemberAccess	i . key		1185	0					
ANR	1355	Identifier	i		1185	0					
ANR	1356	Identifier	key		1185	1					
ANR	1357	ArgumentList			1185	1					
ANR	1358	ExpressionStatement	"match . setText ( i18n ( ""Set Profile to '%1'"" , i . value ( ) ) )"	201:12:8984:9037	1185	4	True				
ANR	1359	CallExpression	"match . setText ( i18n ( ""Set Profile to '%1'"" , i . value ( ) ) )"		1185	0					
ANR	1360	Callee	match . setText		1185	0					
ANR	1361	MemberAccess	match . setText		1185	0					
ANR	1362	Identifier	match		1185	0					
ANR	1363	Identifier	setText		1185	1					
ANR	1364	ArgumentList	"i18n ( ""Set Profile to '%1'"" , i . value ( ) )"		1185	1					
ANR	1365	Argument	"i18n ( ""Set Profile to '%1'"" , i . value ( ) )"		1185	0					
ANR	1366	CallExpression	"i18n ( ""Set Profile to '%1'"" , i . value ( ) )"		1185	0					
ANR	1367	Callee	i18n		1185	0					
ANR	1368	Identifier	i18n		1185	0					
ANR	1369	ArgumentList	"""Set Profile to '%1'"""		1185	1					
ANR	1370	Argument	"""Set Profile to '%1'"""		1185	0					
ANR	1371	PrimaryExpression	"""Set Profile to '%1'"""		1185	0					
ANR	1372	Argument	i . value ( )		1185	1					
ANR	1373	CallExpression	i . value ( )		1185	0					
ANR	1374	Callee	i . value		1185	0					
ANR	1375	MemberAccess	i . value		1185	0					
ANR	1376	Identifier	i		1185	0					
ANR	1377	Identifier	value		1185	1					
ANR	1378	ArgumentList			1185	1					
ANR	1379	ExpressionStatement	match . setData ( i . key ( ) )	202:12:9051:9073	1185	5	True				
ANR	1380	CallExpression	match . setData ( i . key ( ) )		1185	0					
ANR	1381	Callee	match . setData		1185	0					
ANR	1382	MemberAccess	match . setData		1185	0					
ANR	1383	Identifier	match		1185	0					
ANR	1384	Identifier	setData		1185	1					
ANR	1385	ArgumentList	i . key ( )		1185	1					
ANR	1386	Argument	i . key ( )		1185	0					
ANR	1387	CallExpression	i . key ( )		1185	0					
ANR	1388	Callee	i . key		1185	0					
ANR	1389	MemberAccess	i . key		1185	0					
ANR	1390	Identifier	i		1185	0					
ANR	1391	Identifier	key		1185	1					
ANR	1392	ArgumentList			1185	1					
ANR	1393	ExpressionStatement	match . setRelevance ( 1 )	203:12:9087:9108	1185	6	True				
ANR	1394	CallExpression	match . setRelevance ( 1 )		1185	0					
ANR	1395	Callee	match . setRelevance		1185	0					
ANR	1396	MemberAccess	match . setRelevance		1185	0					
ANR	1397	Identifier	match		1185	0					
ANR	1398	Identifier	setRelevance		1185	1					
ANR	1399	ArgumentList	1		1185	1					
ANR	1400	Argument	1		1185	0					
ANR	1401	PrimaryExpression	1		1185	0					
ANR	1402	ExpressionStatement	"match . setId ( ""ProfileChange "" + i . key ( ) )"	204:12:9122:9160	1185	7	True				
ANR	1403	CallExpression	"match . setId ( ""ProfileChange "" + i . key ( ) )"		1185	0					
ANR	1404	Callee	match . setId		1185	0					
ANR	1405	MemberAccess	match . setId		1185	0					
ANR	1406	Identifier	match		1185	0					
ANR	1407	Identifier	setId		1185	1					
ANR	1408	ArgumentList	"""ProfileChange "" + i . key ( )"		1185	1					
ANR	1409	Argument	"""ProfileChange "" + i . key ( )"		1185	0					
ANR	1410	AdditiveExpression	"""ProfileChange "" + i . key ( )"		1185	0		+			
ANR	1411	PrimaryExpression	"""ProfileChange """		1185	0					
ANR	1412	CallExpression	i . key ( )		1185	1					
ANR	1413	Callee	i . key		1185	0					
ANR	1414	MemberAccess	i . key		1185	0					
ANR	1415	Identifier	i		1185	0					
ANR	1416	Identifier	key		1185	1					
ANR	1417	ArgumentList			1185	1					
ANR	1418	ExpressionStatement	matches . append ( match )	205:12:9174:9195	1185	8	True				
ANR	1419	CallExpression	matches . append ( match )		1185	0					
ANR	1420	Callee	matches . append		1185	0					
ANR	1421	MemberAccess	matches . append		1185	0					
ANR	1422	Identifier	matches		1185	0					
ANR	1423	Identifier	append		1185	1					
ANR	1424	ArgumentList	match		1185	1					
ANR	1425	Argument	match		1185	0					
ANR	1426	Identifier	match		1185	0					
ANR	1427	Statement	(	207:14:9221:9221	1185	51	True				
ANR	1428	Statement	parseQuery	207:15:9222:9231	1185	52	True				
ANR	1429	Statement	(	207:25:9232:9232	1185	53	True				
ANR	1430	Statement	term	207:26:9233:9236	1185	54	True				
ANR	1431	Statement	","	207:30:9237:9237	1185	55	True				
ANR	1432	Statement	QList	208:26:9265:9269	1185	56	True				
ANR	1433	Statement	<	208:31:9270:9270	1185	57	True				
ANR	1434	Statement	QRegExp	208:32:9271:9277	1185	58	True				
ANR	1435	Statement	>	208:39:9278:9278	1185	59	True				
ANR	1436	Statement	(	208:40:9279:9279	1185	60	True				
ANR	1437	Statement	)	208:41:9280:9280	1185	61	True				
ANR	1438	Statement	<<	208:43:9282:9283	1185	62	True				
ANR	1439	Statement	QRegExp	208:46:9285:9291	1185	63	True				
ANR	1440	Statement	(	208:53:9292:9292	1185	64	True				
ANR	1441	Statement	i18nc	208:54:9293:9297	1185	65	True				
ANR	1442	Statement	(	208:59:9298:9298	1185	66	True				
ANR	1443	Statement	"""Note this is a KRunner keyword; %1 is a parameter"""	208:60:9299:9349	1185	67	True				
ANR	1444	Statement	","	208:111:9350:9350	1185	68	True				
ANR	1445	Statement	"""screen brightness %1"""	208:113:9352:9373	1185	69	True				
ANR	1446	Statement	","	208:135:9374:9374	1185	70	True				
ANR	1447	Statement	"""(.*)"""	208:137:9376:9381	1185	71	True				
ANR	1448	Statement	)	208:143:9382:9382	1185	72	True				
ANR	1449	Statement	","	208:144:9383:9383	1185	73	True				
ANR	1450	Statement	Qt	208:146:9385:9386	1185	74	True				
ANR	1451	Statement	::	208:148:9387:9388	1185	75	True				
ANR	1452	Statement	CaseInsensitive	208:150:9389:9403	1185	76	True				
ANR	1453	Statement	)	208:165:9404:9404	1185	77	True				
ANR	1454	Statement	<<	209:43:9449:9450	1185	78	True				
ANR	1455	Statement	QRegExp	209:46:9452:9458	1185	79	True				
ANR	1456	Statement	(	209:53:9459:9459	1185	80	True				
ANR	1457	Statement	i18nc	209:54:9460:9464	1185	81	True				
ANR	1458	Statement	(	209:59:9465:9465	1185	82	True				
ANR	1459	Statement	"""Note this is a KRunner keyword"""	209:60:9466:9497	1185	83	True				
ANR	1460	Statement	","	209:92:9498:9498	1185	84	True				
ANR	1461	Statement	"""screen brightness"""	209:94:9500:9518	1185	85	True				
ANR	1462	Statement	)	209:113:9519:9519	1185	86	True				
ANR	1463	Statement	","	209:114:9520:9520	1185	87	True				
ANR	1464	Statement	Qt	209:116:9522:9523	1185	88	True				
ANR	1465	Statement	::	209:118:9524:9525	1185	89	True				
ANR	1466	Statement	CaseInsensitive	209:120:9526:9540	1185	90	True				
ANR	1467	Statement	)	209:135:9541:9541	1185	91	True				
ANR	1468	Statement	<<	210:43:9586:9587	1185	92	True				
ANR	1469	Statement	QRegExp	210:46:9589:9595	1185	93	True				
ANR	1470	Statement	(	210:53:9596:9596	1185	94	True				
ANR	1471	Statement	i18nc	210:54:9597:9601	1185	95	True				
ANR	1472	Statement	(	210:59:9602:9602	1185	96	True				
ANR	1473	Statement	"""Note this is a KRunner keyword; %1 is a parameter"""	210:60:9603:9653	1185	97	True				
ANR	1474	Statement	","	210:111:9654:9654	1185	98	True				
ANR	1475	Statement	"""dim screen %1"""	210:113:9656:9670	1185	99	True				
ANR	1476	Statement	","	210:128:9671:9671	1185	100	True				
ANR	1477	Statement	"""(.*)"""	210:130:9673:9678	1185	101	True				
ANR	1478	Statement	)	210:136:9679:9679	1185	102	True				
ANR	1479	Statement	","	210:137:9680:9680	1185	103	True				
ANR	1480	Statement	Qt	210:139:9682:9683	1185	104	True				
ANR	1481	Statement	::	210:141:9684:9685	1185	105	True				
ANR	1482	Statement	CaseInsensitive	210:143:9686:9700	1185	106	True				
ANR	1483	Statement	)	210:158:9701:9701	1185	107	True				
ANR	1484	Statement	<<	211:43:9746:9747	1185	108	True				
ANR	1485	Statement	QRegExp	211:46:9749:9755	1185	109	True				
ANR	1486	Statement	(	211:53:9756:9756	1185	110	True				
ANR	1487	Statement	i18nc	211:54:9757:9761	1185	111	True				
ANR	1488	Statement	(	211:59:9762:9762	1185	112	True				
ANR	1489	Statement	"""Note this is a KRunner keyword"""	211:60:9763:9794	1185	113	True				
ANR	1490	Statement	","	211:92:9795:9795	1185	114	True				
ANR	1491	Statement	"""dim screen"""	211:94:9797:9808	1185	115	True				
ANR	1492	Statement	)	211:106:9809:9809	1185	116	True				
ANR	1493	Statement	","	211:107:9810:9810	1185	117	True				
ANR	1494	Statement	Qt	211:109:9812:9813	1185	118	True				
ANR	1495	Statement	::	211:111:9814:9815	1185	119	True				
ANR	1496	Statement	CaseInsensitive	211:113:9816:9830	1185	120	True				
ANR	1497	Statement	)	211:128:9831:9831	1185	121	True				
ANR	1498	Statement	","	211:129:9832:9832	1185	122	True				
ANR	1499	Statement	parameter	212:26:9860:9868	1185	123	True				
ANR	1500	Statement	)	212:35:9869:9869	1185	124	True				
ANR	1501	Statement	)	212:36:9870:9870	1185	125	True				
ANR	1502	CompoundStatement		35:38:1880:1880	1185	126					
ANR	1503	IfStatement	if ( ! parameter . isEmpty ( ) )		1185	0					
ANR	1504	Condition	! parameter . isEmpty ( )	213:12:9886:9905	1185	0	True				
ANR	1505	UnaryOperationExpression	! parameter . isEmpty ( )		1185	0					
ANR	1506	UnaryOperator	!		1185	0					
ANR	1507	CallExpression	parameter . isEmpty ( )		1185	1					
ANR	1508	Callee	parameter . isEmpty		1185	0					
ANR	1509	MemberAccess	parameter . isEmpty		1185	0					
ANR	1510	Identifier	parameter		1185	0					
ANR	1511	Identifier	isEmpty		1185	1					
ANR	1512	ArgumentList			1185	1					
ANR	1513	CompoundStatement		38:12:1953:1983	1185	1					
ANR	1514	IdentifierDeclStatement	bool test ;	214:12:9922:9931	1185	0	True				
ANR	1515	IdentifierDecl	test		1185	0					
ANR	1516	IdentifierDeclType	bool		1185	0					
ANR	1517	Identifier	test		1185	1					
ANR	1518	IdentifierDeclStatement	int b = parameter . toInt ( & test ) ;	215:12:9945:9975	1185	1	True				
ANR	1519	IdentifierDecl	b = parameter . toInt ( & test )		1185	0					
ANR	1520	IdentifierDeclType	int		1185	0					
ANR	1521	Identifier	b		1185	1					
ANR	1522	AssignmentExpression	b = parameter . toInt ( & test )		1185	2		=			
ANR	1523	Identifier	b		1185	0					
ANR	1524	CallExpression	parameter . toInt ( & test )		1185	1					
ANR	1525	Callee	parameter . toInt		1185	0					
ANR	1526	MemberAccess	parameter . toInt		1185	0					
ANR	1527	Identifier	parameter		1185	0					
ANR	1528	Identifier	toInt		1185	1					
ANR	1529	ArgumentList	& test		1185	1					
ANR	1530	Argument	& test		1185	0					
ANR	1531	UnaryOperationExpression	& test		1185	0					
ANR	1532	UnaryOperator	&		1185	0					
ANR	1533	Identifier	test		1185	1					
ANR	1534	IfStatement	if ( test )		1185	2					
ANR	1535	Condition	test	216:16:9993:9996	1185	0	True				
ANR	1536	Identifier	test		1185	0					
ANR	1537	CompoundStatement		41:16:2077:2107	1185	1					
ANR	1538	IdentifierDeclStatement	"int brightness = qBound ( 0 , b , 100 ) ;"	217:16:10017:10051	1185	0	True				
ANR	1539	IdentifierDecl	"brightness = qBound ( 0 , b , 100 )"		1185	0					
ANR	1540	IdentifierDeclType	int		1185	0					
ANR	1541	Identifier	brightness		1185	1					
ANR	1542	AssignmentExpression	"brightness = qBound ( 0 , b , 100 )"		1185	2		=			
ANR	1543	Identifier	brightness		1185	0					
ANR	1544	CallExpression	"qBound ( 0 , b , 100 )"		1185	1					
ANR	1545	Callee	qBound		1185	0					
ANR	1546	Identifier	qBound		1185	0					
ANR	1547	ArgumentList	0		1185	1					
ANR	1548	Argument	0		1185	0					
ANR	1549	PrimaryExpression	0		1185	0					
ANR	1550	Argument	b		1185	1					
ANR	1551	Identifier	b		1185	0					
ANR	1552	Argument	100		1185	2					
ANR	1553	PrimaryExpression	100		1185	0					
ANR	1554	IdentifierDeclStatement	Plasma :: QueryMatch match ( this ) ;	218:16:10069:10099	1185	1	True				
ANR	1555	IdentifierDecl	match ( this )		1185	0					
ANR	1556	IdentifierDeclType	Plasma :: QueryMatch		1185	0					
ANR	1557	Identifier	match		1185	1					
ANR	1558	Identifier	this		1185	2					
ANR	1559	ExpressionStatement	match . setType ( Plasma :: QueryMatch :: ExactMatch )	219:16:10117:10162	1185	2	True				
ANR	1560	CallExpression	match . setType ( Plasma :: QueryMatch :: ExactMatch )		1185	0					
ANR	1561	Callee	match . setType		1185	0					
ANR	1562	MemberAccess	match . setType		1185	0					
ANR	1563	Identifier	match		1185	0					
ANR	1564	Identifier	setType		1185	1					
ANR	1565	ArgumentList	Plasma :: QueryMatch :: ExactMatch		1185	1					
ANR	1566	Argument	Plasma :: QueryMatch :: ExactMatch		1185	0					
ANR	1567	Identifier	Plasma :: QueryMatch :: ExactMatch		1185	0					
ANR	1568	ExpressionStatement	"match . setIconName ( QStringLiteral ( ""preferences-system-power-management"" ) )"	220:16:10180:10252	1185	3	True				
ANR	1569	CallExpression	"match . setIconName ( QStringLiteral ( ""preferences-system-power-management"" ) )"		1185	0					
ANR	1570	Callee	match . setIconName		1185	0					
ANR	1571	MemberAccess	match . setIconName		1185	0					
ANR	1572	Identifier	match		1185	0					
ANR	1573	Identifier	setIconName		1185	1					
ANR	1574	ArgumentList	"QStringLiteral ( ""preferences-system-power-management"" )"		1185	1					
ANR	1575	Argument	"QStringLiteral ( ""preferences-system-power-management"" )"		1185	0					
ANR	1576	CallExpression	"QStringLiteral ( ""preferences-system-power-management"" )"		1185	0					
ANR	1577	Callee	QStringLiteral		1185	0					
ANR	1578	Identifier	QStringLiteral		1185	0					
ANR	1579	ArgumentList	"""preferences-system-power-management"""		1185	1					
ANR	1580	Argument	"""preferences-system-power-management"""		1185	0					
ANR	1581	PrimaryExpression	"""preferences-system-power-management"""		1185	0					
ANR	1582	ExpressionStatement	"match . setText ( i18n ( ""Set Brightness to %1"" , brightness ) )"	221:16:10270:10325	1185	4	True				
ANR	1583	CallExpression	"match . setText ( i18n ( ""Set Brightness to %1"" , brightness ) )"		1185	0					
ANR	1584	Callee	match . setText		1185	0					
ANR	1585	MemberAccess	match . setText		1185	0					
ANR	1586	Identifier	match		1185	0					
ANR	1587	Identifier	setText		1185	1					
ANR	1588	ArgumentList	"i18n ( ""Set Brightness to %1"" , brightness )"		1185	1					
ANR	1589	Argument	"i18n ( ""Set Brightness to %1"" , brightness )"		1185	0					
ANR	1590	CallExpression	"i18n ( ""Set Brightness to %1"" , brightness )"		1185	0					
ANR	1591	Callee	i18n		1185	0					
ANR	1592	Identifier	i18n		1185	0					
ANR	1593	ArgumentList	"""Set Brightness to %1"""		1185	1					
ANR	1594	Argument	"""Set Brightness to %1"""		1185	0					
ANR	1595	PrimaryExpression	"""Set Brightness to %1"""		1185	0					
ANR	1596	Argument	brightness		1185	1					
ANR	1597	Identifier	brightness		1185	0					
ANR	1598	ExpressionStatement	match . setData ( brightness )	222:16:10343:10368	1185	5	True				
ANR	1599	CallExpression	match . setData ( brightness )		1185	0					
ANR	1600	Callee	match . setData		1185	0					
ANR	1601	MemberAccess	match . setData		1185	0					
ANR	1602	Identifier	match		1185	0					
ANR	1603	Identifier	setData		1185	1					
ANR	1604	ArgumentList	brightness		1185	1					
ANR	1605	Argument	brightness		1185	0					
ANR	1606	Identifier	brightness		1185	0					
ANR	1607	ExpressionStatement	match . setRelevance ( 1 )	223:16:10386:10407	1185	6	True				
ANR	1608	CallExpression	match . setRelevance ( 1 )		1185	0					
ANR	1609	Callee	match . setRelevance		1185	0					
ANR	1610	MemberAccess	match . setRelevance		1185	0					
ANR	1611	Identifier	match		1185	0					
ANR	1612	Identifier	setRelevance		1185	1					
ANR	1613	ArgumentList	1		1185	1					
ANR	1614	Argument	1		1185	0					
ANR	1615	PrimaryExpression	1		1185	0					
ANR	1616	ExpressionStatement	"match . setId ( QStringLiteral ( ""BrightnessChange"" ) )"	224:16:10425:10472	1185	7	True				
ANR	1617	CallExpression	"match . setId ( QStringLiteral ( ""BrightnessChange"" ) )"		1185	0					
ANR	1618	Callee	match . setId		1185	0					
ANR	1619	MemberAccess	match . setId		1185	0					
ANR	1620	Identifier	match		1185	0					
ANR	1621	Identifier	setId		1185	1					
ANR	1622	ArgumentList	"QStringLiteral ( ""BrightnessChange"" )"		1185	1					
ANR	1623	Argument	"QStringLiteral ( ""BrightnessChange"" )"		1185	0					
ANR	1624	CallExpression	"QStringLiteral ( ""BrightnessChange"" )"		1185	0					
ANR	1625	Callee	QStringLiteral		1185	0					
ANR	1626	Identifier	QStringLiteral		1185	0					
ANR	1627	ArgumentList	"""BrightnessChange"""		1185	1					
ANR	1628	Argument	"""BrightnessChange"""		1185	0					
ANR	1629	PrimaryExpression	"""BrightnessChange"""		1185	0					
ANR	1630	ExpressionStatement	matches . append ( match )	225:16:10490:10511	1185	8	True				
ANR	1631	CallExpression	matches . append ( match )		1185	0					
ANR	1632	Callee	matches . append		1185	0					
ANR	1633	MemberAccess	matches . append		1185	0					
ANR	1634	Identifier	matches		1185	0					
ANR	1635	Identifier	append		1185	1					
ANR	1636	ArgumentList	match		1185	1					
ANR	1637	Argument	match		1185	0					
ANR	1638	Identifier	match		1185	0					
ANR	1639	ElseStatement	else		1185	0					
ANR	1640	CompoundStatement		59:12:2939:2970	1185	0					
ANR	1641	IdentifierDeclStatement	Plasma :: QueryMatch match1 ( this ) ;	228:12:10556:10587	1185	0	True				
ANR	1642	IdentifierDecl	match1 ( this )		1185	0					
ANR	1643	IdentifierDeclType	Plasma :: QueryMatch		1185	0					
ANR	1644	Identifier	match1		1185	1					
ANR	1645	Identifier	this		1185	2					
ANR	1646	ExpressionStatement	match1 . setType ( Plasma :: QueryMatch :: ExactMatch )	229:12:10601:10647	1185	1	True				
ANR	1647	CallExpression	match1 . setType ( Plasma :: QueryMatch :: ExactMatch )		1185	0					
ANR	1648	Callee	match1 . setType		1185	0					
ANR	1649	MemberAccess	match1 . setType		1185	0					
ANR	1650	Identifier	match1		1185	0					
ANR	1651	Identifier	setType		1185	1					
ANR	1652	ArgumentList	Plasma :: QueryMatch :: ExactMatch		1185	1					
ANR	1653	Argument	Plasma :: QueryMatch :: ExactMatch		1185	0					
ANR	1654	Identifier	Plasma :: QueryMatch :: ExactMatch		1185	0					
ANR	1655	ExpressionStatement	"match1 . setIconName ( QStringLiteral ( ""preferences-system-power-management"" ) )"	230:12:10661:10734	1185	2	True				
ANR	1656	CallExpression	"match1 . setIconName ( QStringLiteral ( ""preferences-system-power-management"" ) )"		1185	0					
ANR	1657	Callee	match1 . setIconName		1185	0					
ANR	1658	MemberAccess	match1 . setIconName		1185	0					
ANR	1659	Identifier	match1		1185	0					
ANR	1660	Identifier	setIconName		1185	1					
ANR	1661	ArgumentList	"QStringLiteral ( ""preferences-system-power-management"" )"		1185	1					
ANR	1662	Argument	"QStringLiteral ( ""preferences-system-power-management"" )"		1185	0					
ANR	1663	CallExpression	"QStringLiteral ( ""preferences-system-power-management"" )"		1185	0					
ANR	1664	Callee	QStringLiteral		1185	0					
ANR	1665	Identifier	QStringLiteral		1185	0					
ANR	1666	ArgumentList	"""preferences-system-power-management"""		1185	1					
ANR	1667	Argument	"""preferences-system-power-management"""		1185	0					
ANR	1668	PrimaryExpression	"""preferences-system-power-management"""		1185	0					
ANR	1669	ExpressionStatement	"match1 . setText ( i18n ( ""Dim screen totally"" ) )"	231:12:10748:10790	1185	3	True				
ANR	1670	CallExpression	"match1 . setText ( i18n ( ""Dim screen totally"" ) )"		1185	0					
ANR	1671	Callee	match1 . setText		1185	0					
ANR	1672	MemberAccess	match1 . setText		1185	0					
ANR	1673	Identifier	match1		1185	0					
ANR	1674	Identifier	setText		1185	1					
ANR	1675	ArgumentList	"i18n ( ""Dim screen totally"" )"		1185	1					
ANR	1676	Argument	"i18n ( ""Dim screen totally"" )"		1185	0					
ANR	1677	CallExpression	"i18n ( ""Dim screen totally"" )"		1185	0					
ANR	1678	Callee	i18n		1185	0					
ANR	1679	Identifier	i18n		1185	0					
ANR	1680	ArgumentList	"""Dim screen totally"""		1185	1					
ANR	1681	Argument	"""Dim screen totally"""		1185	0					
ANR	1682	PrimaryExpression	"""Dim screen totally"""		1185	0					
ANR	1683	ExpressionStatement	match1 . setRelevance ( 1 )	232:12:10804:10826	1185	4	True				
ANR	1684	CallExpression	match1 . setRelevance ( 1 )		1185	0					
ANR	1685	Callee	match1 . setRelevance		1185	0					
ANR	1686	MemberAccess	match1 . setRelevance		1185	0					
ANR	1687	Identifier	match1		1185	0					
ANR	1688	Identifier	setRelevance		1185	1					
ANR	1689	ArgumentList	1		1185	1					
ANR	1690	Argument	1		1185	0					
ANR	1691	PrimaryExpression	1		1185	0					
ANR	1692	ExpressionStatement	"match1 . setId ( QStringLiteral ( ""DimTotal"" ) )"	233:12:10840:10880	1185	5	True				
ANR	1693	CallExpression	"match1 . setId ( QStringLiteral ( ""DimTotal"" ) )"		1185	0					
ANR	1694	Callee	match1 . setId		1185	0					
ANR	1695	MemberAccess	match1 . setId		1185	0					
ANR	1696	Identifier	match1		1185	0					
ANR	1697	Identifier	setId		1185	1					
ANR	1698	ArgumentList	"QStringLiteral ( ""DimTotal"" )"		1185	1					
ANR	1699	Argument	"QStringLiteral ( ""DimTotal"" )"		1185	0					
ANR	1700	CallExpression	"QStringLiteral ( ""DimTotal"" )"		1185	0					
ANR	1701	Callee	QStringLiteral		1185	0					
ANR	1702	Identifier	QStringLiteral		1185	0					
ANR	1703	ArgumentList	"""DimTotal"""		1185	1					
ANR	1704	Argument	"""DimTotal"""		1185	0					
ANR	1705	PrimaryExpression	"""DimTotal"""		1185	0					
ANR	1706	ExpressionStatement	matches . append ( match1 )	234:12:10894:10916	1185	6	True				
ANR	1707	CallExpression	matches . append ( match1 )		1185	0					
ANR	1708	Callee	matches . append		1185	0					
ANR	1709	MemberAccess	matches . append		1185	0					
ANR	1710	Identifier	matches		1185	0					
ANR	1711	Identifier	append		1185	1					
ANR	1712	ArgumentList	match1		1185	1					
ANR	1713	Argument	match1		1185	0					
ANR	1714	Identifier	match1		1185	0					
ANR	1715	IdentifierDeclStatement	Plasma :: QueryMatch match2 ( this ) ;	236:12:10931:10962	1185	7	True				
ANR	1716	IdentifierDecl	match2 ( this )		1185	0					
ANR	1717	IdentifierDeclType	Plasma :: QueryMatch		1185	0					
ANR	1718	Identifier	match2		1185	1					
ANR	1719	Identifier	this		1185	2					
ANR	1720	ExpressionStatement	match2 . setType ( Plasma :: QueryMatch :: ExactMatch )	237:12:10976:11022	1185	8	True				
ANR	1721	CallExpression	match2 . setType ( Plasma :: QueryMatch :: ExactMatch )		1185	0					
ANR	1722	Callee	match2 . setType		1185	0					
ANR	1723	MemberAccess	match2 . setType		1185	0					
ANR	1724	Identifier	match2		1185	0					
ANR	1725	Identifier	setType		1185	1					
ANR	1726	ArgumentList	Plasma :: QueryMatch :: ExactMatch		1185	1					
ANR	1727	Argument	Plasma :: QueryMatch :: ExactMatch		1185	0					
ANR	1728	Identifier	Plasma :: QueryMatch :: ExactMatch		1185	0					
ANR	1729	ExpressionStatement	"match2 . setIconName ( QStringLiteral ( ""preferences-system-power-management"" ) )"	238:12:11036:11109	1185	9	True				
ANR	1730	CallExpression	"match2 . setIconName ( QStringLiteral ( ""preferences-system-power-management"" ) )"		1185	0					
ANR	1731	Callee	match2 . setIconName		1185	0					
ANR	1732	MemberAccess	match2 . setIconName		1185	0					
ANR	1733	Identifier	match2		1185	0					
ANR	1734	Identifier	setIconName		1185	1					
ANR	1735	ArgumentList	"QStringLiteral ( ""preferences-system-power-management"" )"		1185	1					
ANR	1736	Argument	"QStringLiteral ( ""preferences-system-power-management"" )"		1185	0					
ANR	1737	CallExpression	"QStringLiteral ( ""preferences-system-power-management"" )"		1185	0					
ANR	1738	Callee	QStringLiteral		1185	0					
ANR	1739	Identifier	QStringLiteral		1185	0					
ANR	1740	ArgumentList	"""preferences-system-power-management"""		1185	1					
ANR	1741	Argument	"""preferences-system-power-management"""		1185	0					
ANR	1742	PrimaryExpression	"""preferences-system-power-management"""		1185	0					
ANR	1743	ExpressionStatement	"match2 . setText ( i18n ( ""Dim screen by half"" ) )"	239:12:11123:11165	1185	10	True				
ANR	1744	CallExpression	"match2 . setText ( i18n ( ""Dim screen by half"" ) )"		1185	0					
ANR	1745	Callee	match2 . setText		1185	0					
ANR	1746	MemberAccess	match2 . setText		1185	0					
ANR	1747	Identifier	match2		1185	0					
ANR	1748	Identifier	setText		1185	1					
ANR	1749	ArgumentList	"i18n ( ""Dim screen by half"" )"		1185	1					
ANR	1750	Argument	"i18n ( ""Dim screen by half"" )"		1185	0					
ANR	1751	CallExpression	"i18n ( ""Dim screen by half"" )"		1185	0					
ANR	1752	Callee	i18n		1185	0					
ANR	1753	Identifier	i18n		1185	0					
ANR	1754	ArgumentList	"""Dim screen by half"""		1185	1					
ANR	1755	Argument	"""Dim screen by half"""		1185	0					
ANR	1756	PrimaryExpression	"""Dim screen by half"""		1185	0					
ANR	1757	ExpressionStatement	match2 . setRelevance ( 1 )	240:12:11179:11201	1185	11	True				
ANR	1758	CallExpression	match2 . setRelevance ( 1 )		1185	0					
ANR	1759	Callee	match2 . setRelevance		1185	0					
ANR	1760	MemberAccess	match2 . setRelevance		1185	0					
ANR	1761	Identifier	match2		1185	0					
ANR	1762	Identifier	setRelevance		1185	1					
ANR	1763	ArgumentList	1		1185	1					
ANR	1764	Argument	1		1185	0					
ANR	1765	PrimaryExpression	1		1185	0					
ANR	1766	ExpressionStatement	"match2 . setId ( QStringLiteral ( ""DimHalf"" ) )"	241:12:11215:11254	1185	12	True				
ANR	1767	CallExpression	"match2 . setId ( QStringLiteral ( ""DimHalf"" ) )"		1185	0					
ANR	1768	Callee	match2 . setId		1185	0					
ANR	1769	MemberAccess	match2 . setId		1185	0					
ANR	1770	Identifier	match2		1185	0					
ANR	1771	Identifier	setId		1185	1					
ANR	1772	ArgumentList	"QStringLiteral ( ""DimHalf"" )"		1185	1					
ANR	1773	Argument	"QStringLiteral ( ""DimHalf"" )"		1185	0					
ANR	1774	CallExpression	"QStringLiteral ( ""DimHalf"" )"		1185	0					
ANR	1775	Callee	QStringLiteral		1185	0					
ANR	1776	Identifier	QStringLiteral		1185	0					
ANR	1777	ArgumentList	"""DimHalf"""		1185	1					
ANR	1778	Argument	"""DimHalf"""		1185	0					
ANR	1779	PrimaryExpression	"""DimHalf"""		1185	0					
ANR	1780	ExpressionStatement	matches . append ( match2 )	242:12:11268:11290	1185	13	True				
ANR	1781	CallExpression	matches . append ( match2 )		1185	0					
ANR	1782	Callee	matches . append		1185	0					
ANR	1783	MemberAccess	matches . append		1185	0					
ANR	1784	Identifier	matches		1185	0					
ANR	1785	Identifier	append		1185	1					
ANR	1786	ArgumentList	match2		1185	1					
ANR	1787	Argument	match2		1185	0					
ANR	1788	Identifier	match2		1185	0					
ANR	1789	IfStatement	if ( ! matches . isEmpty ( ) )		1185	127					
ANR	1790	Condition	! matches . isEmpty ( )	262:8:12431:12448	1185	0	True				
ANR	1791	UnaryOperationExpression	! matches . isEmpty ( )		1185	0					
ANR	1792	UnaryOperator	!		1185	0					
ANR	1793	CallExpression	matches . isEmpty ( )		1185	1					
ANR	1794	Callee	matches . isEmpty		1185	0					
ANR	1795	MemberAccess	matches . isEmpty		1185	0					
ANR	1796	Identifier	matches		1185	0					
ANR	1797	Identifier	isEmpty		1185	1					
ANR	1798	ArgumentList			1185	1					
ANR	1799	CompoundStatement		85:28:4459:4459	1185	1					
ANR	1800	ExpressionStatement	context . addMatches ( matches )	263:8:12461:12488	1185	0	True				
ANR	1801	CallExpression	context . addMatches ( matches )		1185	0					
ANR	1802	Callee	context . addMatches		1185	0					
ANR	1803	MemberAccess	context . addMatches		1185	0					
ANR	1804	Identifier	context		1185	0					
ANR	1805	Identifier	addMatches		1185	1					
ANR	1806	ArgumentList	matches		1185	1					
ANR	1807	Argument	matches		1185	0					
ANR	1808	Identifier	matches		1185	0					
ANR	1809	ReturnType	void		1185	1					
ANR	1810	Identifier	PowerDevilRunner :: match		1185	2					
ANR	1811	ParameterList	Plasma :: RunnerContext & context		1185	3					
ANR	1812	Parameter	Plasma :: RunnerContext & context	177:29:7959:7988	1185	0	True				
ANR	1813	ParameterType	Plasma :: RunnerContext &		1185	0					
ANR	1814	Identifier	context		1185	1					
ANR	1815	CFGEntryNode	ENTRY		1185		True				
ANR	1816	CFGExitNode	EXIT		1185		True				
ANR	1817	Symbol	match2		1185						
ANR	1818	Symbol	* i . key		1185						
ANR	1819	Symbol	match1		1185						
ANR	1820	Symbol	m_shortestCommand		1185						
ANR	1821	Symbol	matches . isEmpty		1185						
ANR	1822	Symbol	Plasma :: QueryMatch :: ExactMatch		1185						
ANR	1823	Symbol	i . value ( ) . startsWith		1185						
ANR	1824	Symbol	Qt :: CaseInsensitive		1185						
ANR	1825	Symbol	i . value		1185						
ANR	1826	Symbol	parameter		1185						
ANR	1827	Symbol	i . key		1185						
ANR	1828	Symbol	context		1185						
ANR	1829	Symbol	m_availableProfiles . constEnd		1185						
ANR	1830	Symbol	term		1185						
ANR	1831	Symbol	& test		1185						
ANR	1832	Symbol	m_availableProfiles		1185						
ANR	1833	Symbol	b		1185						
ANR	1834	Symbol	m_availableProfiles . constBegin		1185						
ANR	1835	Symbol	test		1185						
ANR	1836	Symbol	qBound		1185						
ANR	1837	Symbol	parameter . isEmpty		1185						
ANR	1838	Symbol	term . length		1185						
ANR	1839	Symbol	match		1185						
ANR	1840	Symbol	i		1185						
ANR	1841	Symbol	context . query		1185						
ANR	1842	Symbol	matches		1185						
ANR	1843	Symbol	i18n		1185						
ANR	1844	Symbol	* i		1185						
ANR	1845	Symbol	brightness		1185						
ANR	1846	Symbol	parameter . toInt		1185						
ANR	1847	Symbol	m_profileIcon		1185						
ANR	1848	Symbol	QStringLiteral		1185						
ANR	1849	Symbol	* m_profileIcon		1185						
ANR	1850	Function	PowerDevilRunner :: addSuspendMatch	267:0:12499:13345							
ANR	1851	FunctionDef	"PowerDevilRunner :: addSuspendMatch (int value , QList < Plasma :: QueryMatch > & matches)"		1850	0					
ANR	1852	CompoundStatement		268:0:12585:13345	1850	0					
ANR	1853	IdentifierDeclStatement	Plasma :: QueryMatch match ( this ) ;	269:4:12591:12621	1850	0	True				
ANR	1854	IdentifierDecl	match ( this )		1850	0					
ANR	1855	IdentifierDeclType	Plasma :: QueryMatch		1850	0					
ANR	1856	Identifier	match		1850	1					
ANR	1857	Identifier	this		1850	2					
ANR	1858	ExpressionStatement	match . setType ( Plasma :: QueryMatch :: ExactMatch )	270:4:12627:12672	1850	1	True				
ANR	1859	CallExpression	match . setType ( Plasma :: QueryMatch :: ExactMatch )		1850	0					
ANR	1860	Callee	match . setType		1850	0					
ANR	1861	MemberAccess	match . setType		1850	0					
ANR	1862	Identifier	match		1850	0					
ANR	1863	Identifier	setType		1850	1					
ANR	1864	ArgumentList	Plasma :: QueryMatch :: ExactMatch		1850	1					
ANR	1865	Argument	Plasma :: QueryMatch :: ExactMatch		1850	0					
ANR	1866	Identifier	Plasma :: QueryMatch :: ExactMatch		1850	0					
ANR	1867	SwitchStatement	switch ( ( Solid :: PowerManagement :: SleepState ) value )		1850	2					
ANR	1868	Condition	( Solid :: PowerManagement :: SleepState ) value	272:12:12687:12727	1850	0	True				
ANR	1869	CastExpression	( Solid :: PowerManagement :: SleepState ) value		1850	0					
ANR	1870	CastTarget	Solid :: PowerManagement :: SleepState		1850	0					
ANR	1871	Identifier	value		1850	1					
ANR	1872	CompoundStatement		5:55:144:144	1850	1					
ANR	1873	Label	case Solid :: PowerManagement :: SuspendState :	273:8:12740:12781	1850	0	True				
ANR	1874	Identifier	Solid :: PowerManagement :: SuspendState		1850	0					
ANR	1875	Label	case Solid :: PowerManagement :: StandbyState :	274:8:12791:12832	1850	1	True				
ANR	1876	Identifier	Solid :: PowerManagement :: StandbyState		1850	0					
ANR	1877	ExpressionStatement	"match . setIconName ( QStringLiteral ( ""system-suspend"" ) )"	275:12:12846:12897	1850	2	True				
ANR	1878	CallExpression	"match . setIconName ( QStringLiteral ( ""system-suspend"" ) )"		1850	0					
ANR	1879	Callee	match . setIconName		1850	0					
ANR	1880	MemberAccess	match . setIconName		1850	0					
ANR	1881	Identifier	match		1850	0					
ANR	1882	Identifier	setIconName		1850	1					
ANR	1883	ArgumentList	"QStringLiteral ( ""system-suspend"" )"		1850	1					
ANR	1884	Argument	"QStringLiteral ( ""system-suspend"" )"		1850	0					
ANR	1885	CallExpression	"QStringLiteral ( ""system-suspend"" )"		1850	0					
ANR	1886	Callee	QStringLiteral		1850	0					
ANR	1887	Identifier	QStringLiteral		1850	0					
ANR	1888	ArgumentList	"""system-suspend"""		1850	1					
ANR	1889	Argument	"""system-suspend"""		1850	0					
ANR	1890	PrimaryExpression	"""system-suspend"""		1850	0					
ANR	1891	ExpressionStatement	"match . setText ( i18n ( ""Suspend to RAM"" ) )"	276:12:12911:12948	1850	3	True				
ANR	1892	CallExpression	"match . setText ( i18n ( ""Suspend to RAM"" ) )"		1850	0					
ANR	1893	Callee	match . setText		1850	0					
ANR	1894	MemberAccess	match . setText		1850	0					
ANR	1895	Identifier	match		1850	0					
ANR	1896	Identifier	setText		1850	1					
ANR	1897	ArgumentList	"i18n ( ""Suspend to RAM"" )"		1850	1					
ANR	1898	Argument	"i18n ( ""Suspend to RAM"" )"		1850	0					
ANR	1899	CallExpression	"i18n ( ""Suspend to RAM"" )"		1850	0					
ANR	1900	Callee	i18n		1850	0					
ANR	1901	Identifier	i18n		1850	0					
ANR	1902	ArgumentList	"""Suspend to RAM"""		1850	1					
ANR	1903	Argument	"""Suspend to RAM"""		1850	0					
ANR	1904	PrimaryExpression	"""Suspend to RAM"""		1850	0					
ANR	1905	ExpressionStatement	match . setRelevance ( 1 )	277:12:12962:12983	1850	4	True				
ANR	1906	CallExpression	match . setRelevance ( 1 )		1850	0					
ANR	1907	Callee	match . setRelevance		1850	0					
ANR	1908	MemberAccess	match . setRelevance		1850	0					
ANR	1909	Identifier	match		1850	0					
ANR	1910	Identifier	setRelevance		1850	1					
ANR	1911	ArgumentList	1		1850	1					
ANR	1912	Argument	1		1850	0					
ANR	1913	PrimaryExpression	1		1850	0					
ANR	1914	BreakStatement	break ;	278:12:12997:13002	1850	5	True				
ANR	1915	Label	case Solid :: PowerManagement :: HibernateState :	279:8:13012:13055	1850	6	True				
ANR	1916	Identifier	Solid :: PowerManagement :: HibernateState		1850	0					
ANR	1917	ExpressionStatement	"match . setIconName ( QStringLiteral ( ""system-suspend-hibernate"" ) )"	280:12:13069:13130	1850	7	True				
ANR	1918	CallExpression	"match . setIconName ( QStringLiteral ( ""system-suspend-hibernate"" ) )"		1850	0					
ANR	1919	Callee	match . setIconName		1850	0					
ANR	1920	MemberAccess	match . setIconName		1850	0					
ANR	1921	Identifier	match		1850	0					
ANR	1922	Identifier	setIconName		1850	1					
ANR	1923	ArgumentList	"QStringLiteral ( ""system-suspend-hibernate"" )"		1850	1					
ANR	1924	Argument	"QStringLiteral ( ""system-suspend-hibernate"" )"		1850	0					
ANR	1925	CallExpression	"QStringLiteral ( ""system-suspend-hibernate"" )"		1850	0					
ANR	1926	Callee	QStringLiteral		1850	0					
ANR	1927	Identifier	QStringLiteral		1850	0					
ANR	1928	ArgumentList	"""system-suspend-hibernate"""		1850	1					
ANR	1929	Argument	"""system-suspend-hibernate"""		1850	0					
ANR	1930	PrimaryExpression	"""system-suspend-hibernate"""		1850	0					
ANR	1931	ExpressionStatement	"match . setText ( i18n ( ""Suspend to Disk"" ) )"	281:12:13144:13182	1850	8	True				
ANR	1932	CallExpression	"match . setText ( i18n ( ""Suspend to Disk"" ) )"		1850	0					
ANR	1933	Callee	match . setText		1850	0					
ANR	1934	MemberAccess	match . setText		1850	0					
ANR	1935	Identifier	match		1850	0					
ANR	1936	Identifier	setText		1850	1					
ANR	1937	ArgumentList	"i18n ( ""Suspend to Disk"" )"		1850	1					
ANR	1938	Argument	"i18n ( ""Suspend to Disk"" )"		1850	0					
ANR	1939	CallExpression	"i18n ( ""Suspend to Disk"" )"		1850	0					
ANR	1940	Callee	i18n		1850	0					
ANR	1941	Identifier	i18n		1850	0					
ANR	1942	ArgumentList	"""Suspend to Disk"""		1850	1					
ANR	1943	Argument	"""Suspend to Disk"""		1850	0					
ANR	1944	PrimaryExpression	"""Suspend to Disk"""		1850	0					
ANR	1945	ExpressionStatement	match . setRelevance ( 0.99 )	282:12:13196:13220	1850	9	True				
ANR	1946	CallExpression	match . setRelevance ( 0.99 )		1850	0					
ANR	1947	Callee	match . setRelevance		1850	0					
ANR	1948	MemberAccess	match . setRelevance		1850	0					
ANR	1949	Identifier	match		1850	0					
ANR	1950	Identifier	setRelevance		1850	1					
ANR	1951	ArgumentList	0.99		1850	1					
ANR	1952	Argument	0.99		1850	0					
ANR	1953	PrimaryExpression	0.99		1850	0					
ANR	1954	BreakStatement	break ;	283:12:13234:13239	1850	10	True				
ANR	1955	ExpressionStatement	match . setData ( value )	286:4:13252:13272	1850	3	True				
ANR	1956	CallExpression	match . setData ( value )		1850	0					
ANR	1957	Callee	match . setData		1850	0					
ANR	1958	MemberAccess	match . setData		1850	0					
ANR	1959	Identifier	match		1850	0					
ANR	1960	Identifier	setData		1850	1					
ANR	1961	ArgumentList	value		1850	1					
ANR	1962	Argument	value		1850	0					
ANR	1963	Identifier	value		1850	0					
ANR	1964	ExpressionStatement	"match . setId ( QStringLiteral ( ""Suspend"" ) )"	287:4:13278:13316	1850	4	True				
ANR	1965	CallExpression	"match . setId ( QStringLiteral ( ""Suspend"" ) )"		1850	0					
ANR	1966	Callee	match . setId		1850	0					
ANR	1967	MemberAccess	match . setId		1850	0					
ANR	1968	Identifier	match		1850	0					
ANR	1969	Identifier	setId		1850	1					
ANR	1970	ArgumentList	"QStringLiteral ( ""Suspend"" )"		1850	1					
ANR	1971	Argument	"QStringLiteral ( ""Suspend"" )"		1850	0					
ANR	1972	CallExpression	"QStringLiteral ( ""Suspend"" )"		1850	0					
ANR	1973	Callee	QStringLiteral		1850	0					
ANR	1974	Identifier	QStringLiteral		1850	0					
ANR	1975	ArgumentList	"""Suspend"""		1850	1					
ANR	1976	Argument	"""Suspend"""		1850	0					
ANR	1977	PrimaryExpression	"""Suspend"""		1850	0					
ANR	1978	ExpressionStatement	matches . append ( match )	288:4:13322:13343	1850	5	True				
ANR	1979	CallExpression	matches . append ( match )		1850	0					
ANR	1980	Callee	matches . append		1850	0					
ANR	1981	MemberAccess	matches . append		1850	0					
ANR	1982	Identifier	matches		1850	0					
ANR	1983	Identifier	append		1850	1					
ANR	1984	ArgumentList	match		1850	1					
ANR	1985	Argument	match		1850	0					
ANR	1986	Identifier	match		1850	0					
ANR	1987	ReturnType	void		1850	1					
ANR	1988	Identifier	PowerDevilRunner :: addSuspendMatch		1850	2					
ANR	1989	ParameterList	"int value , QList < Plasma :: QueryMatch > & matches"		1850	3					
ANR	1990	Parameter	int value	267:39:12538:12546	1850	0	True				
ANR	1991	ParameterType	int		1850	0					
ANR	1992	Identifier	value		1850	1					
ANR	1993	Parameter	QList < Plasma :: QueryMatch > & matches	267:50:12549:12582	1850	1	True				
ANR	1994	ParameterType	QList < Plasma :: QueryMatch > &		1850	0					
ANR	1995	Identifier	matches		1850	1					
ANR	1996	CFGEntryNode	ENTRY		1850		True				
ANR	1997	CFGExitNode	EXIT		1850		True				
ANR	1998	Symbol	Plasma :: QueryMatch :: ExactMatch		1850						
ANR	1999	Symbol	match		1850						
ANR	2000	Symbol	QStringLiteral		1850						
ANR	2001	Symbol	value		1850						
ANR	2002	Symbol	matches		1850						
ANR	2003	Symbol	i18n		1850						
ANR	2004	Function	PowerDevilRunner :: run	291:0:13348:15309							
ANR	2005	FunctionDef	"PowerDevilRunner :: run (const Plasma :: RunnerContext & context , const Plasma :: QueryMatch & match)"		2004	0					
ANR	2006	CompoundStatement		292:0:13446:15309	2004	0					
ANR	2007	Statement	Q_UNUSED	293:4:13452:13459	2004	0	True				
ANR	2008	Statement	(	293:12:13460:13460	2004	1	True				
ANR	2009	Statement	context	293:13:13461:13467	2004	2	True				
ANR	2010	Statement	)	293:20:13468:13468	2004	3	True				
ANR	2011	IdentifierDeclStatement	"QDBusInterface iface ( QStringLiteral ( ""org.kde.Solid.PowerManagement"" ) , QStringLiteral ( ""/org/kde/Solid/PowerManagement"" ) , QStringLiteral ( ""org.kde.Solid.PowerManagement"" ) ) ;"	295:4:13475:13693	2004	4	True				
ANR	2012	IdentifierDecl	"iface ( QStringLiteral ( ""org.kde.Solid.PowerManagement"" ) , QStringLiteral ( ""/org/kde/Solid/PowerManagement"" ) , QStringLiteral ( ""org.kde.Solid.PowerManagement"" ) )"		2004	0					
ANR	2013	IdentifierDeclType	QDBusInterface		2004	0					
ANR	2014	Identifier	iface		2004	1					
ANR	2015	Expression	"QStringLiteral ( ""org.kde.Solid.PowerManagement"" ) , QStringLiteral ( ""/org/kde/Solid/PowerManagement"" ) , QStringLiteral ( ""org.kde.Solid.PowerManagement"" )"		2004	2					
ANR	2016	CallExpression	"QStringLiteral ( ""org.kde.Solid.PowerManagement"" )"		2004	0					
ANR	2017	Callee	QStringLiteral		2004	0					
ANR	2018	Identifier	QStringLiteral		2004	0					
ANR	2019	ArgumentList	"""org.kde.Solid.PowerManagement"""		2004	1					
ANR	2020	Argument	"""org.kde.Solid.PowerManagement"""		2004	0					
ANR	2021	PrimaryExpression	"""org.kde.Solid.PowerManagement"""		2004	0					
ANR	2022	Expression	"QStringLiteral ( ""/org/kde/Solid/PowerManagement"" ) , QStringLiteral ( ""org.kde.Solid.PowerManagement"" )"		2004	1					
ANR	2023	CallExpression	"QStringLiteral ( ""/org/kde/Solid/PowerManagement"" )"		2004	0					
ANR	2024	Callee	QStringLiteral		2004	0					
ANR	2025	Identifier	QStringLiteral		2004	0					
ANR	2026	ArgumentList	"""/org/kde/Solid/PowerManagement"""		2004	1					
ANR	2027	Argument	"""/org/kde/Solid/PowerManagement"""		2004	0					
ANR	2028	PrimaryExpression	"""/org/kde/Solid/PowerManagement"""		2004	0					
ANR	2029	CallExpression	"QStringLiteral ( ""org.kde.Solid.PowerManagement"" )"		2004	1					
ANR	2030	Callee	QStringLiteral		2004	0					
ANR	2031	Identifier	QStringLiteral		2004	0					
ANR	2032	ArgumentList	"""org.kde.Solid.PowerManagement"""		2004	1					
ANR	2033	Argument	"""org.kde.Solid.PowerManagement"""		2004	0					
ANR	2034	PrimaryExpression	"""org.kde.Solid.PowerManagement"""		2004	0					
ANR	2035	IdentifierDeclStatement	"QDBusInterface brightnessIface ( QStringLiteral ( ""org.kde.Solid.PowerManagement"" ) , QStringLiteral ( ""/org/kde/Solid/PowerManagement/Actions/BrightnessControl"" ) , QStringLiteral ( ""org.kde.Solid.PowerManagement.Actions.BrightnessControl"" ) ) ;"	298:4:13699:13999	2004	5	True				
ANR	2036	IdentifierDecl	"brightnessIface ( QStringLiteral ( ""org.kde.Solid.PowerManagement"" ) , QStringLiteral ( ""/org/kde/Solid/PowerManagement/Actions/BrightnessControl"" ) , QStringLiteral ( ""org.kde.Solid.PowerManagement.Actions.BrightnessControl"" ) )"		2004	0					
ANR	2037	IdentifierDeclType	QDBusInterface		2004	0					
ANR	2038	Identifier	brightnessIface		2004	1					
ANR	2039	Expression	"QStringLiteral ( ""org.kde.Solid.PowerManagement"" ) , QStringLiteral ( ""/org/kde/Solid/PowerManagement/Actions/BrightnessControl"" ) , QStringLiteral ( ""org.kde.Solid.PowerManagement.Actions.BrightnessControl"" )"		2004	2					
ANR	2040	CallExpression	"QStringLiteral ( ""org.kde.Solid.PowerManagement"" )"		2004	0					
ANR	2041	Callee	QStringLiteral		2004	0					
ANR	2042	Identifier	QStringLiteral		2004	0					
ANR	2043	ArgumentList	"""org.kde.Solid.PowerManagement"""		2004	1					
ANR	2044	Argument	"""org.kde.Solid.PowerManagement"""		2004	0					
ANR	2045	PrimaryExpression	"""org.kde.Solid.PowerManagement"""		2004	0					
ANR	2046	Expression	"QStringLiteral ( ""/org/kde/Solid/PowerManagement/Actions/BrightnessControl"" ) , QStringLiteral ( ""org.kde.Solid.PowerManagement.Actions.BrightnessControl"" )"		2004	1					
ANR	2047	CallExpression	"QStringLiteral ( ""/org/kde/Solid/PowerManagement/Actions/BrightnessControl"" )"		2004	0					
ANR	2048	Callee	QStringLiteral		2004	0					
ANR	2049	Identifier	QStringLiteral		2004	0					
ANR	2050	ArgumentList	"""/org/kde/Solid/PowerManagement/Actions/BrightnessControl"""		2004	1					
ANR	2051	Argument	"""/org/kde/Solid/PowerManagement/Actions/BrightnessControl"""		2004	0					
ANR	2052	PrimaryExpression	"""/org/kde/Solid/PowerManagement/Actions/BrightnessControl"""		2004	0					
ANR	2053	CallExpression	"QStringLiteral ( ""org.kde.Solid.PowerManagement.Actions.BrightnessControl"" )"		2004	1					
ANR	2054	Callee	QStringLiteral		2004	0					
ANR	2055	Identifier	QStringLiteral		2004	0					
ANR	2056	ArgumentList	"""org.kde.Solid.PowerManagement.Actions.BrightnessControl"""		2004	1					
ANR	2057	Argument	"""org.kde.Solid.PowerManagement.Actions.BrightnessControl"""		2004	0					
ANR	2058	PrimaryExpression	"""org.kde.Solid.PowerManagement.Actions.BrightnessControl"""		2004	0					
ANR	2059	IfStatement	"if ( match . id ( ) . startsWith ( QLatin1String ( ""PowerDevil_ProfileChange"" ) ) )"		2004	6					
ANR	2060	Condition	"match . id ( ) . startsWith ( QLatin1String ( ""PowerDevil_ProfileChange"" ) )"	301:8:14009:14072	2004	0	True				
ANR	2061	CallExpression	"match . id ( ) . startsWith ( QLatin1String ( ""PowerDevil_ProfileChange"" ) )"		2004	0					
ANR	2062	Callee	match . id ( ) . startsWith		2004	0					
ANR	2063	MemberAccess	match . id ( ) . startsWith		2004	0					
ANR	2064	CallExpression	match . id ( )		2004	0					
ANR	2065	Callee	match . id		2004	0					
ANR	2066	MemberAccess	match . id		2004	0					
ANR	2067	Identifier	match		2004	0					
ANR	2068	Identifier	id		2004	1					
ANR	2069	ArgumentList			2004	1					
ANR	2070	Identifier	startsWith		2004	1					
ANR	2071	ArgumentList	"QLatin1String ( ""PowerDevil_ProfileChange"" )"		2004	1					
ANR	2072	Argument	"QLatin1String ( ""PowerDevil_ProfileChange"" )"		2004	0					
ANR	2073	CallExpression	"QLatin1String ( ""PowerDevil_ProfileChange"" )"		2004	0					
ANR	2074	Callee	QLatin1String		2004	0					
ANR	2075	Identifier	QLatin1String		2004	0					
ANR	2076	ArgumentList	"""PowerDevil_ProfileChange"""		2004	1					
ANR	2077	Argument	"""PowerDevil_ProfileChange"""		2004	0					
ANR	2078	PrimaryExpression	"""PowerDevil_ProfileChange"""		2004	0					
ANR	2079	CompoundStatement		10:74:628:628	2004	1					
ANR	2080	ExpressionStatement	"iface . asyncCall ( QStringLiteral ( ""loadProfile"" ) , match . data ( ) . toString ( ) )"	302:8:14085:14156	2004	0	True				
ANR	2081	CallExpression	"iface . asyncCall ( QStringLiteral ( ""loadProfile"" ) , match . data ( ) . toString ( ) )"		2004	0					
ANR	2082	Callee	iface . asyncCall		2004	0					
ANR	2083	MemberAccess	iface . asyncCall		2004	0					
ANR	2084	Identifier	iface		2004	0					
ANR	2085	Identifier	asyncCall		2004	1					
ANR	2086	ArgumentList	"QStringLiteral ( ""loadProfile"" )"		2004	1					
ANR	2087	Argument	"QStringLiteral ( ""loadProfile"" )"		2004	0					
ANR	2088	CallExpression	"QStringLiteral ( ""loadProfile"" )"		2004	0					
ANR	2089	Callee	QStringLiteral		2004	0					
ANR	2090	Identifier	QStringLiteral		2004	0					
ANR	2091	ArgumentList	"""loadProfile"""		2004	1					
ANR	2092	Argument	"""loadProfile"""		2004	0					
ANR	2093	PrimaryExpression	"""loadProfile"""		2004	0					
ANR	2094	Argument	match . data ( ) . toString ( )		2004	1					
ANR	2095	CallExpression	match . data ( ) . toString ( )		2004	0					
ANR	2096	Callee	match . data ( ) . toString		2004	0					
ANR	2097	MemberAccess	match . data ( ) . toString		2004	0					
ANR	2098	CallExpression	match . data ( )		2004	0					
ANR	2099	Callee	match . data		2004	0					
ANR	2100	MemberAccess	match . data		2004	0					
ANR	2101	Identifier	match		2004	0					
ANR	2102	Identifier	data		2004	1					
ANR	2103	ArgumentList			2004	1					
ANR	2104	Identifier	toString		2004	1					
ANR	2105	ArgumentList			2004	1					
ANR	2106	ElseStatement	else		2004	0					
ANR	2107	IfStatement	"if ( match . id ( ) == QLatin1String ( ""PowerDevil_BrightnessChange"" ) )"		2004	0					
ANR	2108	Condition	"match . id ( ) == QLatin1String ( ""PowerDevil_BrightnessChange"" )"	303:15:14173:14230	2004	0	True				
ANR	2109	EqualityExpression	"match . id ( ) == QLatin1String ( ""PowerDevil_BrightnessChange"" )"		2004	0		==			
ANR	2110	CallExpression	match . id ( )		2004	0					
ANR	2111	Callee	match . id		2004	0					
ANR	2112	MemberAccess	match . id		2004	0					
ANR	2113	Identifier	match		2004	0					
ANR	2114	Identifier	id		2004	1					
ANR	2115	ArgumentList			2004	1					
ANR	2116	CallExpression	"QLatin1String ( ""PowerDevil_BrightnessChange"" )"		2004	1					
ANR	2117	Callee	QLatin1String		2004	0					
ANR	2118	Identifier	QLatin1String		2004	0					
ANR	2119	ArgumentList	"""PowerDevil_BrightnessChange"""		2004	1					
ANR	2120	Argument	"""PowerDevil_BrightnessChange"""		2004	0					
ANR	2121	PrimaryExpression	"""PowerDevil_BrightnessChange"""		2004	0					
ANR	2122	CompoundStatement		12:75:786:786	2004	1					
ANR	2123	ExpressionStatement	"brightnessIface . asyncCall ( QStringLiteral ( ""setBrightness"" ) , match . data ( ) . toInt ( ) )"	304:8:14243:14323	2004	0	True				
ANR	2124	CallExpression	"brightnessIface . asyncCall ( QStringLiteral ( ""setBrightness"" ) , match . data ( ) . toInt ( ) )"		2004	0					
ANR	2125	Callee	brightnessIface . asyncCall		2004	0					
ANR	2126	MemberAccess	brightnessIface . asyncCall		2004	0					
ANR	2127	Identifier	brightnessIface		2004	0					
ANR	2128	Identifier	asyncCall		2004	1					
ANR	2129	ArgumentList	"QStringLiteral ( ""setBrightness"" )"		2004	1					
ANR	2130	Argument	"QStringLiteral ( ""setBrightness"" )"		2004	0					
ANR	2131	CallExpression	"QStringLiteral ( ""setBrightness"" )"		2004	0					
ANR	2132	Callee	QStringLiteral		2004	0					
ANR	2133	Identifier	QStringLiteral		2004	0					
ANR	2134	ArgumentList	"""setBrightness"""		2004	1					
ANR	2135	Argument	"""setBrightness"""		2004	0					
ANR	2136	PrimaryExpression	"""setBrightness"""		2004	0					
ANR	2137	Argument	match . data ( ) . toInt ( )		2004	1					
ANR	2138	CallExpression	match . data ( ) . toInt ( )		2004	0					
ANR	2139	Callee	match . data ( ) . toInt		2004	0					
ANR	2140	MemberAccess	match . data ( ) . toInt		2004	0					
ANR	2141	CallExpression	match . data ( )		2004	0					
ANR	2142	Callee	match . data		2004	0					
ANR	2143	MemberAccess	match . data		2004	0					
ANR	2144	Identifier	match		2004	0					
ANR	2145	Identifier	data		2004	1					
ANR	2146	ArgumentList			2004	1					
ANR	2147	Identifier	toInt		2004	1					
ANR	2148	ArgumentList			2004	1					
ANR	2149	ElseStatement	else		2004	0					
ANR	2150	IfStatement	"if ( match . id ( ) == QLatin1String ( ""PowerDevil_DimTotal"" ) )"		2004	0					
ANR	2151	Condition	"match . id ( ) == QLatin1String ( ""PowerDevil_DimTotal"" )"	305:15:14340:14389	2004	0	True				
ANR	2152	EqualityExpression	"match . id ( ) == QLatin1String ( ""PowerDevil_DimTotal"" )"		2004	0		==			
ANR	2153	CallExpression	match . id ( )		2004	0					
ANR	2154	Callee	match . id		2004	0					
ANR	2155	MemberAccess	match . id		2004	0					
ANR	2156	Identifier	match		2004	0					
ANR	2157	Identifier	id		2004	1					
ANR	2158	ArgumentList			2004	1					
ANR	2159	CallExpression	"QLatin1String ( ""PowerDevil_DimTotal"" )"		2004	1					
ANR	2160	Callee	QLatin1String		2004	0					
ANR	2161	Identifier	QLatin1String		2004	0					
ANR	2162	ArgumentList	"""PowerDevil_DimTotal"""		2004	1					
ANR	2163	Argument	"""PowerDevil_DimTotal"""		2004	0					
ANR	2164	PrimaryExpression	"""PowerDevil_DimTotal"""		2004	0					
ANR	2165	CompoundStatement		14:67:945:945	2004	1					
ANR	2166	ExpressionStatement	"brightnessIface . asyncCall ( QStringLiteral ( ""setBrightness"" ) , 0 )"	306:8:14402:14463	2004	0	True				
ANR	2167	CallExpression	"brightnessIface . asyncCall ( QStringLiteral ( ""setBrightness"" ) , 0 )"		2004	0					
ANR	2168	Callee	brightnessIface . asyncCall		2004	0					
ANR	2169	MemberAccess	brightnessIface . asyncCall		2004	0					
ANR	2170	Identifier	brightnessIface		2004	0					
ANR	2171	Identifier	asyncCall		2004	1					
ANR	2172	ArgumentList	"QStringLiteral ( ""setBrightness"" )"		2004	1					
ANR	2173	Argument	"QStringLiteral ( ""setBrightness"" )"		2004	0					
ANR	2174	CallExpression	"QStringLiteral ( ""setBrightness"" )"		2004	0					
ANR	2175	Callee	QStringLiteral		2004	0					
ANR	2176	Identifier	QStringLiteral		2004	0					
ANR	2177	ArgumentList	"""setBrightness"""		2004	1					
ANR	2178	Argument	"""setBrightness"""		2004	0					
ANR	2179	PrimaryExpression	"""setBrightness"""		2004	0					
ANR	2180	Argument	0		2004	1					
ANR	2181	PrimaryExpression	0		2004	0					
ANR	2182	ElseStatement	else		2004	0					
ANR	2183	IfStatement	"if ( match . id ( ) == QLatin1String ( ""PowerDevil_DimHalf"" ) )"		2004	0					
ANR	2184	Condition	"match . id ( ) == QLatin1String ( ""PowerDevil_DimHalf"" )"	307:15:14480:14528	2004	0	True				
ANR	2185	EqualityExpression	"match . id ( ) == QLatin1String ( ""PowerDevil_DimHalf"" )"		2004	0		==			
ANR	2186	CallExpression	match . id ( )		2004	0					
ANR	2187	Callee	match . id		2004	0					
ANR	2188	MemberAccess	match . id		2004	0					
ANR	2189	Identifier	match		2004	0					
ANR	2190	Identifier	id		2004	1					
ANR	2191	ArgumentList			2004	1					
ANR	2192	CallExpression	"QLatin1String ( ""PowerDevil_DimHalf"" )"		2004	1					
ANR	2193	Callee	QLatin1String		2004	0					
ANR	2194	Identifier	QLatin1String		2004	0					
ANR	2195	ArgumentList	"""PowerDevil_DimHalf"""		2004	1					
ANR	2196	Argument	"""PowerDevil_DimHalf"""		2004	0					
ANR	2197	PrimaryExpression	"""PowerDevil_DimHalf"""		2004	0					
ANR	2198	CompoundStatement		17:8:1094:1178	2004	1					
ANR	2199	IdentifierDeclStatement	"QDBusReply < int > brightness = brightnessIface . asyncCall ( QStringLiteral ( ""brightness"" ) ) ;"	308:8:14541:14625	2004	0	True				
ANR	2200	IdentifierDecl	"brightness = brightnessIface . asyncCall ( QStringLiteral ( ""brightness"" ) )"		2004	0					
ANR	2201	IdentifierDeclType	QDBusReply < int >		2004	0					
ANR	2202	Identifier	brightness		2004	1					
ANR	2203	AssignmentExpression	"brightness = brightnessIface . asyncCall ( QStringLiteral ( ""brightness"" ) )"		2004	2		=			
ANR	2204	Identifier	brightness		2004	0					
ANR	2205	CallExpression	"brightnessIface . asyncCall ( QStringLiteral ( ""brightness"" ) )"		2004	1					
ANR	2206	Callee	brightnessIface . asyncCall		2004	0					
ANR	2207	MemberAccess	brightnessIface . asyncCall		2004	0					
ANR	2208	Identifier	brightnessIface		2004	0					
ANR	2209	Identifier	asyncCall		2004	1					
ANR	2210	ArgumentList	"QStringLiteral ( ""brightness"" )"		2004	1					
ANR	2211	Argument	"QStringLiteral ( ""brightness"" )"		2004	0					
ANR	2212	CallExpression	"QStringLiteral ( ""brightness"" )"		2004	0					
ANR	2213	Callee	QStringLiteral		2004	0					
ANR	2214	Identifier	QStringLiteral		2004	0					
ANR	2215	ArgumentList	"""brightness"""		2004	1					
ANR	2216	Argument	"""brightness"""		2004	0					
ANR	2217	PrimaryExpression	"""brightness"""		2004	0					
ANR	2218	ExpressionStatement	"brightnessIface . asyncCall ( QStringLiteral ( ""setBrightness"" ) , static_cast < int > ( brightness / 2 ) )"	309:8:14635:14727	2004	1	True				
ANR	2219	CallExpression	"brightnessIface . asyncCall ( QStringLiteral ( ""setBrightness"" ) , static_cast < int > ( brightness / 2 ) )"		2004	0					
ANR	2220	Callee	brightnessIface . asyncCall		2004	0					
ANR	2221	MemberAccess	brightnessIface . asyncCall		2004	0					
ANR	2222	Identifier	brightnessIface		2004	0					
ANR	2223	Identifier	asyncCall		2004	1					
ANR	2224	ArgumentList	"QStringLiteral ( ""setBrightness"" )"		2004	1					
ANR	2225	Argument	"QStringLiteral ( ""setBrightness"" )"		2004	0					
ANR	2226	CallExpression	"QStringLiteral ( ""setBrightness"" )"		2004	0					
ANR	2227	Callee	QStringLiteral		2004	0					
ANR	2228	Identifier	QStringLiteral		2004	0					
ANR	2229	ArgumentList	"""setBrightness"""		2004	1					
ANR	2230	Argument	"""setBrightness"""		2004	0					
ANR	2231	PrimaryExpression	"""setBrightness"""		2004	0					
ANR	2232	Argument	static_cast < int > ( brightness / 2 )		2004	1					
ANR	2233	RelationalExpression	static_cast < int > ( brightness / 2 )		2004	0		<			
ANR	2234	Identifier	static_cast		2004	0					
ANR	2235	RelationalExpression	int > ( brightness / 2 )		2004	1		>			
ANR	2236	Identifier	int		2004	0					
ANR	2237	MultiplicativeExpression	brightness / 2		2004	1		/			
ANR	2238	Identifier	brightness		2004	0					
ANR	2239	PrimaryExpression	2		2004	1					
ANR	2240	ElseStatement	else		2004	0					
ANR	2241	IfStatement	"if ( match . id ( ) . startsWith ( QLatin1String ( ""PowerDevil_Suspend"" ) ) )"		2004	0					
ANR	2242	Condition	"match . id ( ) . startsWith ( QLatin1String ( ""PowerDevil_Suspend"" ) )"	310:15:14744:14801	2004	0	True				
ANR	2243	CallExpression	"match . id ( ) . startsWith ( QLatin1String ( ""PowerDevil_Suspend"" ) )"		2004	0					
ANR	2244	Callee	match . id ( ) . startsWith		2004	0					
ANR	2245	MemberAccess	match . id ( ) . startsWith		2004	0					
ANR	2246	CallExpression	match . id ( )		2004	0					
ANR	2247	Callee	match . id		2004	0					
ANR	2248	MemberAccess	match . id		2004	0					
ANR	2249	Identifier	match		2004	0					
ANR	2250	Identifier	id		2004	1					
ANR	2251	ArgumentList			2004	1					
ANR	2252	Identifier	startsWith		2004	1					
ANR	2253	ArgumentList	"QLatin1String ( ""PowerDevil_Suspend"" )"		2004	1					
ANR	2254	Argument	"QLatin1String ( ""PowerDevil_Suspend"" )"		2004	0					
ANR	2255	CallExpression	"QLatin1String ( ""PowerDevil_Suspend"" )"		2004	0					
ANR	2256	Callee	QLatin1String		2004	0					
ANR	2257	Identifier	QLatin1String		2004	0					
ANR	2258	ArgumentList	"""PowerDevil_Suspend"""		2004	1					
ANR	2259	Argument	"""PowerDevil_Suspend"""		2004	0					
ANR	2260	PrimaryExpression	"""PowerDevil_Suspend"""		2004	0					
ANR	2261	CompoundStatement		19:75:1357:1357	2004	1					
ANR	2262	SwitchStatement	switch ( ( Solid :: PowerManagement :: SleepState ) match . data ( ) . toInt ( ) )		2004	0					
ANR	2263	Condition	( Solid :: PowerManagement :: SleepState ) match . data ( ) . toInt ( )	311:16:14822:14877	2004	0	True				
ANR	2264	CastExpression	( Solid :: PowerManagement :: SleepState ) match . data ( ) . toInt ( )		2004	0					
ANR	2265	CastTarget	Solid :: PowerManagement :: SleepState		2004	0					
ANR	2266	CallExpression	match . data ( ) . toInt ( )		2004	1					
ANR	2267	Callee	match . data ( ) . toInt		2004	0					
ANR	2268	MemberAccess	match . data ( ) . toInt		2004	0					
ANR	2269	CallExpression	match . data ( )		2004	0					
ANR	2270	Callee	match . data		2004	0					
ANR	2271	MemberAccess	match . data		2004	0					
ANR	2272	Identifier	match		2004	0					
ANR	2273	Identifier	data		2004	1					
ANR	2274	ArgumentList			2004	1					
ANR	2275	Identifier	toInt		2004	1					
ANR	2276	ArgumentList			2004	1					
ANR	2277	CompoundStatement		20:74:1433:1433	2004	1					
ANR	2278	Label	case Solid :: PowerManagement :: SuspendState :	312:12:14894:14935	2004	0	True				
ANR	2279	Identifier	Solid :: PowerManagement :: SuspendState		2004	0					
ANR	2280	Label	case Solid :: PowerManagement :: StandbyState :	313:12:14949:14990	2004	1	True				
ANR	2281	Identifier	Solid :: PowerManagement :: StandbyState		2004	0					
ANR	2282	ExpressionStatement	"Solid :: PowerManagement :: requestSleep ( Solid :: PowerManagement :: SuspendState , 0 , 0 )"	314:16:15008:15088	2004	2	True				
ANR	2283	CallExpression	"Solid :: PowerManagement :: requestSleep ( Solid :: PowerManagement :: SuspendState , 0 , 0 )"		2004	0					
ANR	2284	Callee	Solid :: PowerManagement :: requestSleep		2004	0					
ANR	2285	Identifier	Solid :: PowerManagement :: requestSleep		2004	0					
ANR	2286	ArgumentList	Solid :: PowerManagement :: SuspendState		2004	1					
ANR	2287	Argument	Solid :: PowerManagement :: SuspendState		2004	0					
ANR	2288	Identifier	Solid :: PowerManagement :: SuspendState		2004	0					
ANR	2289	Argument	0		2004	1					
ANR	2290	PrimaryExpression	0		2004	0					
ANR	2291	Argument	0		2004	2					
ANR	2292	PrimaryExpression	0		2004	0					
ANR	2293	BreakStatement	break ;	315:16:15106:15111	2004	3	True				
ANR	2294	Label	case Solid :: PowerManagement :: HibernateState :	316:12:15125:15168	2004	4	True				
ANR	2295	Identifier	Solid :: PowerManagement :: HibernateState		2004	0					
ANR	2296	ExpressionStatement	"Solid :: PowerManagement :: requestSleep ( Solid :: PowerManagement :: HibernateState , 0 , 0 )"	317:16:15186:15268	2004	5	True				
ANR	2297	CallExpression	"Solid :: PowerManagement :: requestSleep ( Solid :: PowerManagement :: HibernateState , 0 , 0 )"		2004	0					
ANR	2298	Callee	Solid :: PowerManagement :: requestSleep		2004	0					
ANR	2299	Identifier	Solid :: PowerManagement :: requestSleep		2004	0					
ANR	2300	ArgumentList	Solid :: PowerManagement :: HibernateState		2004	1					
ANR	2301	Argument	Solid :: PowerManagement :: HibernateState		2004	0					
ANR	2302	Identifier	Solid :: PowerManagement :: HibernateState		2004	0					
ANR	2303	Argument	0		2004	1					
ANR	2304	PrimaryExpression	0		2004	0					
ANR	2305	Argument	0		2004	2					
ANR	2306	PrimaryExpression	0		2004	0					
ANR	2307	BreakStatement	break ;	318:16:15286:15291	2004	6	True				
ANR	2308	ReturnType	void		2004	1					
ANR	2309	Identifier	PowerDevilRunner :: run		2004	2					
ANR	2310	ParameterList	"const Plasma :: RunnerContext & context , const Plasma :: QueryMatch & match"		2004	3					
ANR	2311	Parameter	const Plasma :: RunnerContext & context	291:27:13375:13410	2004	0	True				
ANR	2312	ParameterType	const Plasma :: RunnerContext &		2004	0					
ANR	2313	Identifier	context		2004	1					
ANR	2314	Parameter	const Plasma :: QueryMatch & match	291:65:13413:13443	2004	1	True				
ANR	2315	ParameterType	const Plasma :: QueryMatch &		2004	0					
ANR	2316	Identifier	match		2004	1					
ANR	2317	CFGEntryNode	ENTRY		2004		True				
ANR	2318	CFGExitNode	EXIT		2004		True				
ANR	2319	Symbol	match . id ( ) . startsWith		2004						
ANR	2320	Symbol	match . data ( ) . toString		2004						
ANR	2321	Symbol	Solid :: PowerManagement :: HibernateState		2004						
ANR	2322	Symbol	match		2004						
ANR	2323	Symbol	brightnessIface . asyncCall		2004						
ANR	2324	Symbol	match . data		2004						
ANR	2325	Symbol	int		2004						
ANR	2326	Symbol	QLatin1String		2004						
ANR	2327	Symbol	iface		2004						
ANR	2328	Symbol	static_cast		2004						
ANR	2329	Symbol	brightnessIface		2004						
ANR	2330	Symbol	brightness		2004						
ANR	2331	Symbol	match . data ( ) . toInt		2004						
ANR	2332	Symbol	Solid :: PowerManagement :: SuspendState		2004						
ANR	2333	Symbol	context		2004						
ANR	2334	Symbol	QStringLiteral		2004						
ANR	2335	Symbol	match . id		2004						
