command	key	type	code	location	functionId	childNum	isCFGNode	operator	baseType	completeType	identifier
ANR	2188508	File	data/converged/CVE-2017-11142_php-src/sapi_apache2handler_apache_config.c								
ANR	2188509	ClassDef	<unnamed>	46:8:1649:1691							
ANR	2188510	DeclStmt									
ANR	2188511	Decl							HashTable	HashTable	config
ANR	2188512	DeclStmt									
ANR	2188513	Decl									php_conf_rec
ANR	2188514	ClassDef	<unnamed>	50:8:1702:1789							
ANR	2188515	DeclStmt									
ANR	2188516	Decl							char	char *	value
ANR	2188517	DeclStmt									
ANR	2188518	Decl							size_t	size_t	value_len
ANR	2188519	DeclStmt									
ANR	2188520	Decl							char	char	status
ANR	2188521	DeclStmt									
ANR	2188522	Decl							char	char	htaccess
ANR	2188523	DeclStmt									
ANR	2188524	Decl									php_dir_entry
ANR	2188525	Function	real_value_hnd	57:0:1792:2390							
ANR	2188526	FunctionDef	"real_value_hnd (cmd_parms * cmd , void * dummy , const char * name , const char * value , int status)"		2188525	0					
ANR	2188527	CompoundStatement		58:0:1904:2390	2188525	0					
ANR	2188528	IdentifierDeclStatement	php_conf_rec * d = dummy ;	59:1:1907:1930	2188525	0	True				
ANR	2188529	IdentifierDecl	* d = dummy		2188525	0					
ANR	2188530	IdentifierDeclType	php_conf_rec *		2188525	0					
ANR	2188531	Identifier	d		2188525	1					
ANR	2188532	AssignmentExpression	* d = dummy		2188525	2		=			
ANR	2188533	Identifier	dummy		2188525	0					
ANR	2188534	Identifier	dummy		2188525	1					
ANR	2188535	IdentifierDeclStatement	php_dir_entry e ;	60:1:1933:1948	2188525	1	True				
ANR	2188536	IdentifierDecl	e		2188525	0					
ANR	2188537	IdentifierDeclType	php_dir_entry		2188525	0					
ANR	2188538	Identifier	e		2188525	1					
ANR	2188539	ExpressionStatement	"phpapdebug ( ( stderr , ""Getting %s=%s for %p (%d)\\n"" , name , value , dummy , zend_hash_num_elements ( & d -> config ) ) )"	62:1:1952:2059	2188525	2	True				
ANR	2188540	CallExpression	"phpapdebug ( ( stderr , ""Getting %s=%s for %p (%d)\\n"" , name , value , dummy , zend_hash_num_elements ( & d -> config ) ) )"		2188525	0					
ANR	2188541	Callee	phpapdebug		2188525	0					
ANR	2188542	Identifier	phpapdebug		2188525	0					
ANR	2188543	ArgumentList	"stderr , ""Getting %s=%s for %p (%d)\\n"" , name , value , dummy , zend_hash_num_elements ( & d -> config )"		2188525	1					
ANR	2188544	Argument	"stderr , ""Getting %s=%s for %p (%d)\\n"" , name , value , dummy , zend_hash_num_elements ( & d -> config )"		2188525	0					
ANR	2188545	Expression	"stderr , ""Getting %s=%s for %p (%d)\\n"" , name , value , dummy , zend_hash_num_elements ( & d -> config )"		2188525	0					
ANR	2188546	Identifier	stderr		2188525	0					
ANR	2188547	Expression	"""Getting %s=%s for %p (%d)\\n"" , name , value , dummy , zend_hash_num_elements ( & d -> config )"		2188525	1					
ANR	2188548	PrimaryExpression	"""Getting %s=%s for %p (%d)\\n"""		2188525	0					
ANR	2188549	Expression	"name , value , dummy , zend_hash_num_elements ( & d -> config )"		2188525	1					
ANR	2188550	Identifier	name		2188525	0					
ANR	2188551	Expression	"value , dummy , zend_hash_num_elements ( & d -> config )"		2188525	1					
ANR	2188552	Identifier	value		2188525	0					
ANR	2188553	Expression	"dummy , zend_hash_num_elements ( & d -> config )"		2188525	1					
ANR	2188554	Identifier	dummy		2188525	0					
ANR	2188555	CallExpression	zend_hash_num_elements ( & d -> config )		2188525	1					
ANR	2188556	Callee	zend_hash_num_elements		2188525	0					
ANR	2188557	Identifier	zend_hash_num_elements		2188525	0					
ANR	2188558	ArgumentList	& d -> config		2188525	1					
ANR	2188559	Argument	& d -> config		2188525	0					
ANR	2188560	UnaryOperationExpression	& d -> config		2188525	0					
ANR	2188561	UnaryOperator	&		2188525	0					
ANR	2188562	PtrMemberAccess	d -> config		2188525	1					
ANR	2188563	Identifier	d		2188525	0					
ANR	2188564	Identifier	config		2188525	1					
ANR	2188565	IfStatement	"if ( ! strncasecmp ( value , ""none"" , sizeof ( ""none"" ) ) )"		2188525	3					
ANR	2188566	Condition	"! strncasecmp ( value , ""none"" , sizeof ( ""none"" ) )"	64:5:2068:2110	2188525	0	True				
ANR	2188567	UnaryOperationExpression	"! strncasecmp ( value , ""none"" , sizeof ( ""none"" ) )"		2188525	0					
ANR	2188568	UnaryOperator	!		2188525	0					
ANR	2188569	CallExpression	"strncasecmp ( value , ""none"" , sizeof ( ""none"" ) )"		2188525	1					
ANR	2188570	Callee	strncasecmp		2188525	0					
ANR	2188571	Identifier	strncasecmp		2188525	0					
ANR	2188572	ArgumentList	value		2188525	1					
ANR	2188573	Argument	value		2188525	0					
ANR	2188574	Identifier	value		2188525	0					
ANR	2188575	Argument	"""none"""		2188525	1					
ANR	2188576	PrimaryExpression	"""none"""		2188525	0					
ANR	2188577	Argument	"sizeof ( ""none"" )"		2188525	2					
ANR	2188578	SizeofExpression	"sizeof ( ""none"" )"		2188525	0					
ANR	2188579	Sizeof	sizeof		2188525	0					
ANR	2188580	PrimaryExpression	"""none"""		2188525	1					
ANR	2188581	CompoundStatement		7:50:208:208	2188525	1					
ANR	2188582	ExpressionStatement	"value = """""	65:2:2117:2127	2188525	0	True				
ANR	2188583	AssignmentExpression	"value = """""		2188525	0		=			
ANR	2188584	Identifier	value		2188525	0					
ANR	2188585	PrimaryExpression	""""""		2188525	1					
ANR	2188586	ExpressionStatement	"e . value = apr_pstrdup ( cmd -> pool , value )"	68:1:2135:2174	2188525	4	True				
ANR	2188587	AssignmentExpression	"e . value = apr_pstrdup ( cmd -> pool , value )"		2188525	0		=			
ANR	2188588	MemberAccess	e . value		2188525	0					
ANR	2188589	Identifier	e		2188525	0					
ANR	2188590	Identifier	value		2188525	1					
ANR	2188591	CallExpression	"apr_pstrdup ( cmd -> pool , value )"		2188525	1					
ANR	2188592	Callee	apr_pstrdup		2188525	0					
ANR	2188593	Identifier	apr_pstrdup		2188525	0					
ANR	2188594	ArgumentList	cmd -> pool		2188525	1					
ANR	2188595	Argument	cmd -> pool		2188525	0					
ANR	2188596	PtrMemberAccess	cmd -> pool		2188525	0					
ANR	2188597	Identifier	cmd		2188525	0					
ANR	2188598	Identifier	pool		2188525	1					
ANR	2188599	Argument	value		2188525	1					
ANR	2188600	Identifier	value		2188525	0					
ANR	2188601	ExpressionStatement	e . value_len = strlen ( value )	69:1:2177:2204	2188525	5	True				
ANR	2188602	AssignmentExpression	e . value_len = strlen ( value )		2188525	0		=			
ANR	2188603	MemberAccess	e . value_len		2188525	0					
ANR	2188604	Identifier	e		2188525	0					
ANR	2188605	Identifier	value_len		2188525	1					
ANR	2188606	CallExpression	strlen ( value )		2188525	1					
ANR	2188607	Callee	strlen		2188525	0					
ANR	2188608	Identifier	strlen		2188525	0					
ANR	2188609	ArgumentList	value		2188525	1					
ANR	2188610	Argument	value		2188525	0					
ANR	2188611	Identifier	value		2188525	0					
ANR	2188612	ExpressionStatement	e . status = status	70:1:2207:2224	2188525	6	True				
ANR	2188613	AssignmentExpression	e . status = status		2188525	0		=			
ANR	2188614	MemberAccess	e . status		2188525	0					
ANR	2188615	Identifier	e		2188525	0					
ANR	2188616	Identifier	status		2188525	1					
ANR	2188617	Identifier	status		2188525	1					
ANR	2188618	ExpressionStatement	e . htaccess = ( ( cmd -> override & ( RSRC_CONF | ACCESS_CONF ) ) == 0 )	71:1:2227:2288	2188525	7	True				
ANR	2188619	AssignmentExpression	e . htaccess = ( ( cmd -> override & ( RSRC_CONF | ACCESS_CONF ) ) == 0 )		2188525	0		=			
ANR	2188620	MemberAccess	e . htaccess		2188525	0					
ANR	2188621	Identifier	e		2188525	0					
ANR	2188622	Identifier	htaccess		2188525	1					
ANR	2188623	EqualityExpression	( cmd -> override & ( RSRC_CONF | ACCESS_CONF ) ) == 0		2188525	1		==			
ANR	2188624	BitAndExpression	cmd -> override & ( RSRC_CONF | ACCESS_CONF )		2188525	0		&			
ANR	2188625	PtrMemberAccess	cmd -> override		2188525	0					
ANR	2188626	Identifier	cmd		2188525	0					
ANR	2188627	Identifier	override		2188525	1					
ANR	2188628	InclusiveOrExpression	RSRC_CONF | ACCESS_CONF		2188525	1		|			
ANR	2188629	Identifier	RSRC_CONF		2188525	0					
ANR	2188630	Identifier	ACCESS_CONF		2188525	1					
ANR	2188631	PrimaryExpression	0		2188525	1					
ANR	2188632	ExpressionStatement	"zend_hash_update ( & d -> config , ( char * ) name , strlen ( name ) + 1 , & e , sizeof ( e ) , NULL )"	73:1:2292:2374	2188525	8	True				
ANR	2188633	CallExpression	"zend_hash_update ( & d -> config , ( char * ) name , strlen ( name ) + 1 , & e , sizeof ( e ) , NULL )"		2188525	0					
ANR	2188634	Callee	zend_hash_update		2188525	0					
ANR	2188635	Identifier	zend_hash_update		2188525	0					
ANR	2188636	ArgumentList	& d -> config		2188525	1					
ANR	2188637	Argument	& d -> config		2188525	0					
ANR	2188638	UnaryOperationExpression	& d -> config		2188525	0					
ANR	2188639	UnaryOperator	&		2188525	0					
ANR	2188640	PtrMemberAccess	d -> config		2188525	1					
ANR	2188641	Identifier	d		2188525	0					
ANR	2188642	Identifier	config		2188525	1					
ANR	2188643	Argument	( char * ) name		2188525	1					
ANR	2188644	CastExpression	( char * ) name		2188525	0					
ANR	2188645	CastTarget	char *		2188525	0					
ANR	2188646	Identifier	name		2188525	1					
ANR	2188647	Argument	strlen ( name ) + 1		2188525	2					
ANR	2188648	AdditiveExpression	strlen ( name ) + 1		2188525	0		+			
ANR	2188649	CallExpression	strlen ( name )		2188525	0					
ANR	2188650	Callee	strlen		2188525	0					
ANR	2188651	Identifier	strlen		2188525	0					
ANR	2188652	ArgumentList	name		2188525	1					
ANR	2188653	Argument	name		2188525	0					
ANR	2188654	Identifier	name		2188525	0					
ANR	2188655	PrimaryExpression	1		2188525	1					
ANR	2188656	Argument	& e		2188525	3					
ANR	2188657	UnaryOperationExpression	& e		2188525	0					
ANR	2188658	UnaryOperator	&		2188525	0					
ANR	2188659	Identifier	e		2188525	1					
ANR	2188660	Argument	sizeof ( e )		2188525	4					
ANR	2188661	SizeofExpression	sizeof ( e )		2188525	0					
ANR	2188662	Sizeof	sizeof		2188525	0					
ANR	2188663	SizeofOperand	e		2188525	1					
ANR	2188664	Argument	NULL		2188525	5					
ANR	2188665	Identifier	NULL		2188525	0					
ANR	2188666	ReturnStatement	return NULL ;	74:1:2377:2388	2188525	9	True				
ANR	2188667	Identifier	NULL		2188525	0					
ANR	2188668	ReturnType	static const char *		2188525	1					
ANR	2188669	Identifier	real_value_hnd		2188525	2					
ANR	2188670	ParameterList	"cmd_parms * cmd , void * dummy , const char * name , const char * value , int status"		2188525	3					
ANR	2188671	Parameter	cmd_parms * cmd	57:34:1826:1839	2188525	0	True				
ANR	2188672	ParameterType	cmd_parms *		2188525	0					
ANR	2188673	Identifier	cmd		2188525	1					
ANR	2188674	Parameter	void * dummy	57:50:1842:1852	2188525	1	True				
ANR	2188675	ParameterType	void *		2188525	0					
ANR	2188676	Identifier	dummy		2188525	1					
ANR	2188677	Parameter	const char * name	57:63:1855:1870	2188525	2	True				
ANR	2188678	ParameterType	const char *		2188525	0					
ANR	2188679	Identifier	name		2188525	1					
ANR	2188680	Parameter	const char * value	57:81:1873:1889	2188525	3	True				
ANR	2188681	ParameterType	const char *		2188525	0					
ANR	2188682	Identifier	value		2188525	1					
ANR	2188683	Parameter	int status	57:100:1892:1901	2188525	4	True				
ANR	2188684	ParameterType	int		2188525	0					
ANR	2188685	Identifier	status		2188525	1					
ANR	2188686	CFGEntryNode	ENTRY		2188525		True				
ANR	2188687	CFGExitNode	EXIT		2188525		True				
ANR	2188688	Symbol	apr_pstrdup		2188525						
ANR	2188689	Symbol	NULL		2188525						
ANR	2188690	Symbol	d		2188525						
ANR	2188691	Symbol	e		2188525						
ANR	2188692	Symbol	zend_hash_num_elements		2188525						
ANR	2188693	Symbol	strncasecmp		2188525						
ANR	2188694	Symbol	RSRC_CONF		2188525						
ANR	2188695	Symbol	& e		2188525						
ANR	2188696	Symbol	stderr		2188525						
ANR	2188697	Symbol	e . status		2188525						
ANR	2188698	Symbol	e . value		2188525						
ANR	2188699	Symbol	dummy		2188525						
ANR	2188700	Symbol	strlen		2188525						
ANR	2188701	Symbol	cmd -> pool		2188525						
ANR	2188702	Symbol	e . value_len		2188525						
ANR	2188703	Symbol	name		2188525						
ANR	2188704	Symbol	cmd -> override		2188525						
ANR	2188705	Symbol	& d -> config		2188525						
ANR	2188706	Symbol	ACCESS_CONF		2188525						
ANR	2188707	Symbol	cmd		2188525						
ANR	2188708	Symbol	* cmd		2188525						
ANR	2188709	Symbol	e . htaccess		2188525						
ANR	2188710	Symbol	value		2188525						
ANR	2188711	Symbol	status		2188525						
ANR	2188712	Function	php_apache_value_handler	77:0:2393:2570							
ANR	2188713	FunctionDef	"php_apache_value_handler (cmd_parms * cmd , void * dummy , const char * name , const char * value)"		2188712	0					
ANR	2188714	CompoundStatement		78:0:2503:2570	2188712	0					
ANR	2188715	ReturnStatement	"return real_value_hnd ( cmd , dummy , name , value , PHP_INI_PERDIR ) ;"	79:1:2506:2568	2188712	0	True				
ANR	2188716	CallExpression	"real_value_hnd ( cmd , dummy , name , value , PHP_INI_PERDIR )"		2188712	0					
ANR	2188717	Callee	real_value_hnd		2188712	0					
ANR	2188718	Identifier	real_value_hnd		2188712	0					
ANR	2188719	ArgumentList	cmd		2188712	1					
ANR	2188720	Argument	cmd		2188712	0					
ANR	2188721	Identifier	cmd		2188712	0					
ANR	2188722	Argument	dummy		2188712	1					
ANR	2188723	Identifier	dummy		2188712	0					
ANR	2188724	Argument	name		2188712	2					
ANR	2188725	Identifier	name		2188712	0					
ANR	2188726	Argument	value		2188712	3					
ANR	2188727	Identifier	value		2188712	0					
ANR	2188728	Argument	PHP_INI_PERDIR		2188712	4					
ANR	2188729	Identifier	PHP_INI_PERDIR		2188712	0					
ANR	2188730	ReturnType	static const char *		2188712	1					
ANR	2188731	Identifier	php_apache_value_handler		2188712	2					
ANR	2188732	ParameterList	"cmd_parms * cmd , void * dummy , const char * name , const char * value"		2188712	3					
ANR	2188733	Parameter	cmd_parms * cmd	77:44:2437:2450	2188712	0	True				
ANR	2188734	ParameterType	cmd_parms *		2188712	0					
ANR	2188735	Identifier	cmd		2188712	1					
ANR	2188736	Parameter	void * dummy	77:60:2453:2463	2188712	1	True				
ANR	2188737	ParameterType	void *		2188712	0					
ANR	2188738	Identifier	dummy		2188712	1					
ANR	2188739	Parameter	const char * name	77:73:2466:2481	2188712	2	True				
ANR	2188740	ParameterType	const char *		2188712	0					
ANR	2188741	Identifier	name		2188712	1					
ANR	2188742	Parameter	const char * value	77:91:2484:2500	2188712	3	True				
ANR	2188743	ParameterType	const char *		2188712	0					
ANR	2188744	Identifier	value		2188712	1					
ANR	2188745	CFGEntryNode	ENTRY		2188712		True				
ANR	2188746	CFGExitNode	EXIT		2188712		True				
ANR	2188747	Symbol	dummy		2188712						
ANR	2188748	Symbol	PHP_INI_PERDIR		2188712						
ANR	2188749	Symbol	name		2188712						
ANR	2188750	Symbol	cmd		2188712						
ANR	2188751	Symbol	value		2188712						
ANR	2188752	Symbol	real_value_hnd		2188712						
ANR	2188753	Function	php_apache_admin_value_handler	82:0:2573:2756							
ANR	2188754	FunctionDef	"php_apache_admin_value_handler (cmd_parms * cmd , void * dummy , const char * name , const char * value)"		2188753	0					
ANR	2188755	CompoundStatement		83:0:2689:2756	2188753	0					
ANR	2188756	ReturnStatement	"return real_value_hnd ( cmd , dummy , name , value , PHP_INI_SYSTEM ) ;"	84:1:2692:2754	2188753	0	True				
ANR	2188757	CallExpression	"real_value_hnd ( cmd , dummy , name , value , PHP_INI_SYSTEM )"		2188753	0					
ANR	2188758	Callee	real_value_hnd		2188753	0					
ANR	2188759	Identifier	real_value_hnd		2188753	0					
ANR	2188760	ArgumentList	cmd		2188753	1					
ANR	2188761	Argument	cmd		2188753	0					
ANR	2188762	Identifier	cmd		2188753	0					
ANR	2188763	Argument	dummy		2188753	1					
ANR	2188764	Identifier	dummy		2188753	0					
ANR	2188765	Argument	name		2188753	2					
ANR	2188766	Identifier	name		2188753	0					
ANR	2188767	Argument	value		2188753	3					
ANR	2188768	Identifier	value		2188753	0					
ANR	2188769	Argument	PHP_INI_SYSTEM		2188753	4					
ANR	2188770	Identifier	PHP_INI_SYSTEM		2188753	0					
ANR	2188771	ReturnType	static const char *		2188753	1					
ANR	2188772	Identifier	php_apache_admin_value_handler		2188753	2					
ANR	2188773	ParameterList	"cmd_parms * cmd , void * dummy , const char * name , const char * value"		2188753	3					
ANR	2188774	Parameter	cmd_parms * cmd	82:50:2623:2636	2188753	0	True				
ANR	2188775	ParameterType	cmd_parms *		2188753	0					
ANR	2188776	Identifier	cmd		2188753	1					
ANR	2188777	Parameter	void * dummy	82:66:2639:2649	2188753	1	True				
ANR	2188778	ParameterType	void *		2188753	0					
ANR	2188779	Identifier	dummy		2188753	1					
ANR	2188780	Parameter	const char * name	82:79:2652:2667	2188753	2	True				
ANR	2188781	ParameterType	const char *		2188753	0					
ANR	2188782	Identifier	name		2188753	1					
ANR	2188783	Parameter	const char * value	82:97:2670:2686	2188753	3	True				
ANR	2188784	ParameterType	const char *		2188753	0					
ANR	2188785	Identifier	value		2188753	1					
ANR	2188786	CFGEntryNode	ENTRY		2188753		True				
ANR	2188787	CFGExitNode	EXIT		2188753		True				
ANR	2188788	Symbol	dummy		2188753						
ANR	2188789	Symbol	name		2188753						
ANR	2188790	Symbol	PHP_INI_SYSTEM		2188753						
ANR	2188791	Symbol	cmd		2188753						
ANR	2188792	Symbol	value		2188753						
ANR	2188793	Symbol	real_value_hnd		2188753						
ANR	2188794	Function	real_flag_hnd	87:0:2759:3096							
ANR	2188795	FunctionDef	"real_flag_hnd (cmd_parms * cmd , void * dummy , const char * arg1 , const char * arg2 , int status)"		2188794	0					
ANR	2188796	CompoundStatement		88:0:2869:3096	2188794	0					
ANR	2188797	IdentifierDeclStatement	char bool_val [ 2 ] ;	89:1:2872:2888	2188794	0	True				
ANR	2188798	IdentifierDecl	bool_val [ 2 ]		2188794	0					
ANR	2188799	IdentifierDeclType	char [ 2 ]		2188794	0					
ANR	2188800	Identifier	bool_val		2188794	1					
ANR	2188801	PrimaryExpression	2		2188794	2					
ANR	2188802	IfStatement	"if ( ! strcasecmp ( arg2 , ""On"" ) || ( arg2 [ 0 ] == '1' && arg2 [ 1 ] == '\\0' ) )"		2188794	1					
ANR	2188803	Condition	"! strcasecmp ( arg2 , ""On"" ) || ( arg2 [ 0 ] == '1' && arg2 [ 1 ] == '\\0' )"	91:5:2896:2957	2188794	0	True				
ANR	2188804	OrExpression	"! strcasecmp ( arg2 , ""On"" ) || ( arg2 [ 0 ] == '1' && arg2 [ 1 ] == '\\0' )"		2188794	0		||			
ANR	2188805	UnaryOperationExpression	"! strcasecmp ( arg2 , ""On"" )"		2188794	0					
ANR	2188806	UnaryOperator	!		2188794	0					
ANR	2188807	CallExpression	"strcasecmp ( arg2 , ""On"" )"		2188794	1					
ANR	2188808	Callee	strcasecmp		2188794	0					
ANR	2188809	Identifier	strcasecmp		2188794	0					
ANR	2188810	ArgumentList	arg2		2188794	1					
ANR	2188811	Argument	arg2		2188794	0					
ANR	2188812	Identifier	arg2		2188794	0					
ANR	2188813	Argument	"""On"""		2188794	1					
ANR	2188814	PrimaryExpression	"""On"""		2188794	0					
ANR	2188815	AndExpression	arg2 [ 0 ] == '1' && arg2 [ 1 ] == '\\0'		2188794	1		&&			
ANR	2188816	EqualityExpression	arg2 [ 0 ] == '1'		2188794	0		==			
ANR	2188817	ArrayIndexing	arg2 [ 0 ]		2188794	0					
ANR	2188818	Identifier	arg2		2188794	0					
ANR	2188819	PrimaryExpression	0		2188794	1					
ANR	2188820	PrimaryExpression	'1'		2188794	1					
ANR	2188821	EqualityExpression	arg2 [ 1 ] == '\\0'		2188794	1		==			
ANR	2188822	ArrayIndexing	arg2 [ 1 ]		2188794	0					
ANR	2188823	Identifier	arg2		2188794	0					
ANR	2188824	PrimaryExpression	1		2188794	1					
ANR	2188825	PrimaryExpression	'\\0'		2188794	1					
ANR	2188826	CompoundStatement		4:69:90:90	2188794	1					
ANR	2188827	ExpressionStatement	bool_val [ 0 ] = '1'	92:2:2964:2981	2188794	0	True				
ANR	2188828	AssignmentExpression	bool_val [ 0 ] = '1'		2188794	0		=			
ANR	2188829	ArrayIndexing	bool_val [ 0 ]		2188794	0					
ANR	2188830	Identifier	bool_val		2188794	0					
ANR	2188831	PrimaryExpression	0		2188794	1					
ANR	2188832	PrimaryExpression	'1'		2188794	1					
ANR	2188833	ElseStatement	else		2188794	0					
ANR	2188834	CompoundStatement		6:8:121:121	2188794	0					
ANR	2188835	ExpressionStatement	bool_val [ 0 ] = '0'	94:2:2995:3012	2188794	0	True				
ANR	2188836	AssignmentExpression	bool_val [ 0 ] = '0'		2188794	0		=			
ANR	2188837	ArrayIndexing	bool_val [ 0 ]		2188794	0					
ANR	2188838	Identifier	bool_val		2188794	0					
ANR	2188839	PrimaryExpression	0		2188794	1					
ANR	2188840	PrimaryExpression	'0'		2188794	1					
ANR	2188841	ExpressionStatement	bool_val [ 1 ] = 0	96:1:3018:3033	2188794	2	True				
ANR	2188842	AssignmentExpression	bool_val [ 1 ] = 0		2188794	0		=			
ANR	2188843	ArrayIndexing	bool_val [ 1 ]		2188794	0					
ANR	2188844	Identifier	bool_val		2188794	0					
ANR	2188845	PrimaryExpression	1		2188794	1					
ANR	2188846	PrimaryExpression	0		2188794	1					
ANR	2188847	ReturnStatement	"return real_value_hnd ( cmd , dummy , arg1 , bool_val , status ) ;"	98:1:3037:3094	2188794	3	True				
ANR	2188848	CallExpression	"real_value_hnd ( cmd , dummy , arg1 , bool_val , status )"		2188794	0					
ANR	2188849	Callee	real_value_hnd		2188794	0					
ANR	2188850	Identifier	real_value_hnd		2188794	0					
ANR	2188851	ArgumentList	cmd		2188794	1					
ANR	2188852	Argument	cmd		2188794	0					
ANR	2188853	Identifier	cmd		2188794	0					
ANR	2188854	Argument	dummy		2188794	1					
ANR	2188855	Identifier	dummy		2188794	0					
ANR	2188856	Argument	arg1		2188794	2					
ANR	2188857	Identifier	arg1		2188794	0					
ANR	2188858	Argument	bool_val		2188794	3					
ANR	2188859	Identifier	bool_val		2188794	0					
ANR	2188860	Argument	status		2188794	4					
ANR	2188861	Identifier	status		2188794	0					
ANR	2188862	ReturnType	static const char *		2188794	1					
ANR	2188863	Identifier	real_flag_hnd		2188794	2					
ANR	2188864	ParameterList	"cmd_parms * cmd , void * dummy , const char * arg1 , const char * arg2 , int status"		2188794	3					
ANR	2188865	Parameter	cmd_parms * cmd	87:33:2792:2805	2188794	0	True				
ANR	2188866	ParameterType	cmd_parms *		2188794	0					
ANR	2188867	Identifier	cmd		2188794	1					
ANR	2188868	Parameter	void * dummy	87:49:2808:2818	2188794	1	True				
ANR	2188869	ParameterType	void *		2188794	0					
ANR	2188870	Identifier	dummy		2188794	1					
ANR	2188871	Parameter	const char * arg1	87:62:2821:2836	2188794	2	True				
ANR	2188872	ParameterType	const char *		2188794	0					
ANR	2188873	Identifier	arg1		2188794	1					
ANR	2188874	Parameter	const char * arg2	87:80:2839:2854	2188794	3	True				
ANR	2188875	ParameterType	const char *		2188794	0					
ANR	2188876	Identifier	arg2		2188794	1					
ANR	2188877	Parameter	int status	87:98:2857:2866	2188794	4	True				
ANR	2188878	ParameterType	int		2188794	0					
ANR	2188879	Identifier	status		2188794	1					
ANR	2188880	CFGEntryNode	ENTRY		2188794		True				
ANR	2188881	CFGExitNode	EXIT		2188794		True				
ANR	2188882	Symbol	dummy		2188794						
ANR	2188883	Symbol	arg2		2188794						
ANR	2188884	Symbol	bool_val		2188794						
ANR	2188885	Symbol	arg1		2188794						
ANR	2188886	Symbol	* bool_val		2188794						
ANR	2188887	Symbol	cmd		2188794						
ANR	2188888	Symbol	strcasecmp		2188794						
ANR	2188889	Symbol	real_value_hnd		2188794						
ANR	2188890	Symbol	* arg2		2188794						
ANR	2188891	Symbol	status		2188794						
ANR	2188892	Function	php_apache_flag_handler	101:0:3099:3274							
ANR	2188893	FunctionDef	"php_apache_flag_handler (cmd_parms * cmd , void * dummy , const char * name , const char * value)"		2188892	0					
ANR	2188894	CompoundStatement		102:0:3208:3274	2188892	0					
ANR	2188895	ReturnStatement	"return real_flag_hnd ( cmd , dummy , name , value , PHP_INI_PERDIR ) ;"	103:1:3211:3272	2188892	0	True				
ANR	2188896	CallExpression	"real_flag_hnd ( cmd , dummy , name , value , PHP_INI_PERDIR )"		2188892	0					
ANR	2188897	Callee	real_flag_hnd		2188892	0					
ANR	2188898	Identifier	real_flag_hnd		2188892	0					
ANR	2188899	ArgumentList	cmd		2188892	1					
ANR	2188900	Argument	cmd		2188892	0					
ANR	2188901	Identifier	cmd		2188892	0					
ANR	2188902	Argument	dummy		2188892	1					
ANR	2188903	Identifier	dummy		2188892	0					
ANR	2188904	Argument	name		2188892	2					
ANR	2188905	Identifier	name		2188892	0					
ANR	2188906	Argument	value		2188892	3					
ANR	2188907	Identifier	value		2188892	0					
ANR	2188908	Argument	PHP_INI_PERDIR		2188892	4					
ANR	2188909	Identifier	PHP_INI_PERDIR		2188892	0					
ANR	2188910	ReturnType	static const char *		2188892	1					
ANR	2188911	Identifier	php_apache_flag_handler		2188892	2					
ANR	2188912	ParameterList	"cmd_parms * cmd , void * dummy , const char * name , const char * value"		2188892	3					
ANR	2188913	Parameter	cmd_parms * cmd	101:43:3142:3155	2188892	0	True				
ANR	2188914	ParameterType	cmd_parms *		2188892	0					
ANR	2188915	Identifier	cmd		2188892	1					
ANR	2188916	Parameter	void * dummy	101:59:3158:3168	2188892	1	True				
ANR	2188917	ParameterType	void *		2188892	0					
ANR	2188918	Identifier	dummy		2188892	1					
ANR	2188919	Parameter	const char * name	101:72:3171:3186	2188892	2	True				
ANR	2188920	ParameterType	const char *		2188892	0					
ANR	2188921	Identifier	name		2188892	1					
ANR	2188922	Parameter	const char * value	101:90:3189:3205	2188892	3	True				
ANR	2188923	ParameterType	const char *		2188892	0					
ANR	2188924	Identifier	value		2188892	1					
ANR	2188925	CFGEntryNode	ENTRY		2188892		True				
ANR	2188926	CFGExitNode	EXIT		2188892		True				
ANR	2188927	Symbol	dummy		2188892						
ANR	2188928	Symbol	PHP_INI_PERDIR		2188892						
ANR	2188929	Symbol	real_flag_hnd		2188892						
ANR	2188930	Symbol	name		2188892						
ANR	2188931	Symbol	cmd		2188892						
ANR	2188932	Symbol	value		2188892						
ANR	2188933	Function	php_apache_admin_flag_handler	106:0:3277:3458							
ANR	2188934	FunctionDef	"php_apache_admin_flag_handler (cmd_parms * cmd , void * dummy , const char * name , const char * value)"		2188933	0					
ANR	2188935	CompoundStatement		107:0:3392:3458	2188933	0					
ANR	2188936	ReturnStatement	"return real_flag_hnd ( cmd , dummy , name , value , PHP_INI_SYSTEM ) ;"	108:1:3395:3456	2188933	0	True				
ANR	2188937	CallExpression	"real_flag_hnd ( cmd , dummy , name , value , PHP_INI_SYSTEM )"		2188933	0					
ANR	2188938	Callee	real_flag_hnd		2188933	0					
ANR	2188939	Identifier	real_flag_hnd		2188933	0					
ANR	2188940	ArgumentList	cmd		2188933	1					
ANR	2188941	Argument	cmd		2188933	0					
ANR	2188942	Identifier	cmd		2188933	0					
ANR	2188943	Argument	dummy		2188933	1					
ANR	2188944	Identifier	dummy		2188933	0					
ANR	2188945	Argument	name		2188933	2					
ANR	2188946	Identifier	name		2188933	0					
ANR	2188947	Argument	value		2188933	3					
ANR	2188948	Identifier	value		2188933	0					
ANR	2188949	Argument	PHP_INI_SYSTEM		2188933	4					
ANR	2188950	Identifier	PHP_INI_SYSTEM		2188933	0					
ANR	2188951	ReturnType	static const char *		2188933	1					
ANR	2188952	Identifier	php_apache_admin_flag_handler		2188933	2					
ANR	2188953	ParameterList	"cmd_parms * cmd , void * dummy , const char * name , const char * value"		2188933	3					
ANR	2188954	Parameter	cmd_parms * cmd	106:49:3326:3339	2188933	0	True				
ANR	2188955	ParameterType	cmd_parms *		2188933	0					
ANR	2188956	Identifier	cmd		2188933	1					
ANR	2188957	Parameter	void * dummy	106:65:3342:3352	2188933	1	True				
ANR	2188958	ParameterType	void *		2188933	0					
ANR	2188959	Identifier	dummy		2188933	1					
ANR	2188960	Parameter	const char * name	106:78:3355:3370	2188933	2	True				
ANR	2188961	ParameterType	const char *		2188933	0					
ANR	2188962	Identifier	name		2188933	1					
ANR	2188963	Parameter	const char * value	106:96:3373:3389	2188933	3	True				
ANR	2188964	ParameterType	const char *		2188933	0					
ANR	2188965	Identifier	value		2188933	1					
ANR	2188966	CFGEntryNode	ENTRY		2188933		True				
ANR	2188967	CFGExitNode	EXIT		2188933		True				
ANR	2188968	Symbol	dummy		2188933						
ANR	2188969	Symbol	real_flag_hnd		2188933						
ANR	2188970	Symbol	name		2188933						
ANR	2188971	Symbol	PHP_INI_SYSTEM		2188933						
ANR	2188972	Symbol	cmd		2188933						
ANR	2188973	Symbol	value		2188933						
ANR	2188974	Function	php_apache_phpini_set	111:0:3461:3781							
ANR	2188975	FunctionDef	"php_apache_phpini_set (cmd_parms * cmd , void * mconfig , const char * arg)"		2188974	0					
ANR	2188976	CompoundStatement		112:0:3550:3781	2188974	0					
ANR	2188977	IfStatement	if ( apache2_php_ini_path_override )		2188974	0					
ANR	2188978	Condition	apache2_php_ini_path_override	113:5:3557:3585	2188974	0	True				
ANR	2188979	Identifier	apache2_php_ini_path_override		2188974	0					
ANR	2188980	CompoundStatement		2:36:37:37	2188974	1					
ANR	2188981	ReturnStatement	"return ""Only first PHPINIDir directive honored per configuration tree - subsequent ones ignored"" ;"	114:2:3592:3688	2188974	0	True				
ANR	2188982	PrimaryExpression	"""Only first PHPINIDir directive honored per configuration tree - subsequent ones ignored"""		2188974	0					
ANR	2188983	ExpressionStatement	"apache2_php_ini_path_override = ap_server_root_relative ( cmd -> pool , arg )"	116:1:3694:3765	2188974	1	True				
ANR	2188984	AssignmentExpression	"apache2_php_ini_path_override = ap_server_root_relative ( cmd -> pool , arg )"		2188974	0		=			
ANR	2188985	Identifier	apache2_php_ini_path_override		2188974	0					
ANR	2188986	CallExpression	"ap_server_root_relative ( cmd -> pool , arg )"		2188974	1					
ANR	2188987	Callee	ap_server_root_relative		2188974	0					
ANR	2188988	Identifier	ap_server_root_relative		2188974	0					
ANR	2188989	ArgumentList	cmd -> pool		2188974	1					
ANR	2188990	Argument	cmd -> pool		2188974	0					
ANR	2188991	PtrMemberAccess	cmd -> pool		2188974	0					
ANR	2188992	Identifier	cmd		2188974	0					
ANR	2188993	Identifier	pool		2188974	1					
ANR	2188994	Argument	arg		2188974	1					
ANR	2188995	Identifier	arg		2188974	0					
ANR	2188996	ReturnStatement	return NULL ;	117:1:3768:3779	2188974	2	True				
ANR	2188997	Identifier	NULL		2188974	0					
ANR	2188998	ReturnType	static const char *		2188974	1					
ANR	2188999	Identifier	php_apache_phpini_set		2188974	2					
ANR	2189000	ParameterList	"cmd_parms * cmd , void * mconfig , const char * arg"		2188974	3					
ANR	2189001	Parameter	cmd_parms * cmd	111:41:3502:3515	2188974	0	True				
ANR	2189002	ParameterType	cmd_parms *		2188974	0					
ANR	2189003	Identifier	cmd		2188974	1					
ANR	2189004	Parameter	void * mconfig	111:57:3518:3530	2188974	1	True				
ANR	2189005	ParameterType	void *		2188974	0					
ANR	2189006	Identifier	mconfig		2188974	1					
ANR	2189007	Parameter	const char * arg	111:72:3533:3547	2188974	2	True				
ANR	2189008	ParameterType	const char *		2188974	0					
ANR	2189009	Identifier	arg		2188974	1					
ANR	2189010	CFGEntryNode	ENTRY		2188974		True				
ANR	2189011	CFGExitNode	EXIT		2188974		True				
ANR	2189012	Symbol	apache2_php_ini_path_override		2188974						
ANR	2189013	Symbol	NULL		2188974						
ANR	2189014	Symbol	cmd -> pool		2188974						
ANR	2189015	Symbol	arg		2188974						
ANR	2189016	Symbol	mconfig		2188974						
ANR	2189017	Symbol	ap_server_root_relative		2188974						
ANR	2189018	Symbol	cmd		2188974						
ANR	2189019	Symbol	* cmd		2188974						
ANR	2189020	Function	should_overwrite_per_dir_entry	120:0:3784:4399							
ANR	2189021	FunctionDef	"should_overwrite_per_dir_entry (HashTable * target_ht , php_dir_entry * new_per_dir_entry , zend_hash_key * hash_key , void * pData)"		2189020	0					
ANR	2189022	CompoundStatement		121:0:3926:4399	2189020	0					
ANR	2189023	IdentifierDeclStatement	php_dir_entry * orig_per_dir_entry ;	122:1:3929:3962	2189020	0	True				
ANR	2189024	IdentifierDecl	* orig_per_dir_entry		2189020	0					
ANR	2189025	IdentifierDeclType	php_dir_entry *		2189020	0					
ANR	2189026	Identifier	orig_per_dir_entry		2189020	1					
ANR	2189027	IfStatement	"if ( zend_hash_find ( target_ht , hash_key -> arKey , hash_key -> nKeyLength , ( void * * ) & orig_per_dir_entry ) == FAILURE )"		2189020	1					
ANR	2189028	Condition	"zend_hash_find ( target_ht , hash_key -> arKey , hash_key -> nKeyLength , ( void * * ) & orig_per_dir_entry ) == FAILURE"	124:5:3970:4073	2189020	0	True				
ANR	2189029	EqualityExpression	"zend_hash_find ( target_ht , hash_key -> arKey , hash_key -> nKeyLength , ( void * * ) & orig_per_dir_entry ) == FAILURE"		2189020	0		==			
ANR	2189030	CallExpression	"zend_hash_find ( target_ht , hash_key -> arKey , hash_key -> nKeyLength , ( void * * ) & orig_per_dir_entry )"		2189020	0					
ANR	2189031	Callee	zend_hash_find		2189020	0					
ANR	2189032	Identifier	zend_hash_find		2189020	0					
ANR	2189033	ArgumentList	target_ht		2189020	1					
ANR	2189034	Argument	target_ht		2189020	0					
ANR	2189035	Identifier	target_ht		2189020	0					
ANR	2189036	Argument	hash_key -> arKey		2189020	1					
ANR	2189037	PtrMemberAccess	hash_key -> arKey		2189020	0					
ANR	2189038	Identifier	hash_key		2189020	0					
ANR	2189039	Identifier	arKey		2189020	1					
ANR	2189040	Argument	hash_key -> nKeyLength		2189020	2					
ANR	2189041	PtrMemberAccess	hash_key -> nKeyLength		2189020	0					
ANR	2189042	Identifier	hash_key		2189020	0					
ANR	2189043	Identifier	nKeyLength		2189020	1					
ANR	2189044	Argument	( void * * ) & orig_per_dir_entry		2189020	3					
ANR	2189045	CastExpression	( void * * ) & orig_per_dir_entry		2189020	0					
ANR	2189046	CastTarget	void * *		2189020	0					
ANR	2189047	UnaryOperationExpression	& orig_per_dir_entry		2189020	1					
ANR	2189048	UnaryOperator	&		2189020	0					
ANR	2189049	Identifier	orig_per_dir_entry		2189020	1					
ANR	2189050	Identifier	FAILURE		2189020	1					
ANR	2189051	CompoundStatement		4:111:149:149	2189020	1					
ANR	2189052	ReturnStatement	return 1 ;	125:2:4080:4088	2189020	0	True				
ANR	2189053	PrimaryExpression	1		2189020	0					
ANR	2189054	IfStatement	if ( new_per_dir_entry -> status >= orig_per_dir_entry -> status )		2189020	2					
ANR	2189055	Condition	new_per_dir_entry -> status >= orig_per_dir_entry -> status	128:5:4146:4200	2189020	0	True				
ANR	2189056	RelationalExpression	new_per_dir_entry -> status >= orig_per_dir_entry -> status		2189020	0		>=			
ANR	2189057	PtrMemberAccess	new_per_dir_entry -> status		2189020	0					
ANR	2189058	Identifier	new_per_dir_entry		2189020	0					
ANR	2189059	Identifier	status		2189020	1					
ANR	2189060	PtrMemberAccess	orig_per_dir_entry -> status		2189020	1					
ANR	2189061	Identifier	orig_per_dir_entry		2189020	0					
ANR	2189062	Identifier	status		2189020	1					
ANR	2189063	CompoundStatement		8:62:276:276	2189020	1					
ANR	2189064	ExpressionStatement	"phpapdebug ( ( stderr , ""ADDING/OVERWRITING %s (%d vs. %d)\\n"" , hash_key -> arKey , new_per_dir_entry -> status , orig_per_dir_entry -> status ) )"	130:2:4229:4360	2189020	0	True				
ANR	2189065	CallExpression	"phpapdebug ( ( stderr , ""ADDING/OVERWRITING %s (%d vs. %d)\\n"" , hash_key -> arKey , new_per_dir_entry -> status , orig_per_dir_entry -> status ) )"		2189020	0					
ANR	2189066	Callee	phpapdebug		2189020	0					
ANR	2189067	Identifier	phpapdebug		2189020	0					
ANR	2189068	ArgumentList	"stderr , ""ADDING/OVERWRITING %s (%d vs. %d)\\n"" , hash_key -> arKey , new_per_dir_entry -> status , orig_per_dir_entry -> status"		2189020	1					
ANR	2189069	Argument	"stderr , ""ADDING/OVERWRITING %s (%d vs. %d)\\n"" , hash_key -> arKey , new_per_dir_entry -> status , orig_per_dir_entry -> status"		2189020	0					
ANR	2189070	Expression	"stderr , ""ADDING/OVERWRITING %s (%d vs. %d)\\n"" , hash_key -> arKey , new_per_dir_entry -> status , orig_per_dir_entry -> status"		2189020	0					
ANR	2189071	Identifier	stderr		2189020	0					
ANR	2189072	Expression	"""ADDING/OVERWRITING %s (%d vs. %d)\\n"" , hash_key -> arKey , new_per_dir_entry -> status , orig_per_dir_entry -> status"		2189020	1					
ANR	2189073	PrimaryExpression	"""ADDING/OVERWRITING %s (%d vs. %d)\\n"""		2189020	0					
ANR	2189074	Expression	"hash_key -> arKey , new_per_dir_entry -> status , orig_per_dir_entry -> status"		2189020	1					
ANR	2189075	PtrMemberAccess	hash_key -> arKey		2189020	0					
ANR	2189076	Identifier	hash_key		2189020	0					
ANR	2189077	Identifier	arKey		2189020	1					
ANR	2189078	Expression	"new_per_dir_entry -> status , orig_per_dir_entry -> status"		2189020	1					
ANR	2189079	PtrMemberAccess	new_per_dir_entry -> status		2189020	0					
ANR	2189080	Identifier	new_per_dir_entry		2189020	0					
ANR	2189081	Identifier	status		2189020	1					
ANR	2189082	PtrMemberAccess	orig_per_dir_entry -> status		2189020	1					
ANR	2189083	Identifier	orig_per_dir_entry		2189020	0					
ANR	2189084	Identifier	status		2189020	1					
ANR	2189085	ReturnStatement	return 1 ;	131:2:4364:4372	2189020	1	True				
ANR	2189086	PrimaryExpression	1		2189020	0					
ANR	2189087	ElseStatement	else		2189020	0					
ANR	2189088	CompoundStatement		12:8:455:455	2189020	0					
ANR	2189089	ReturnStatement	return 0 ;	133:2:4386:4394	2189020	0	True				
ANR	2189090	PrimaryExpression	0		2189020	0					
ANR	2189091	ReturnType	static zend_bool		2189020	1					
ANR	2189092	Identifier	should_overwrite_per_dir_entry		2189020	2					
ANR	2189093	ParameterList	"HashTable * target_ht , php_dir_entry * new_per_dir_entry , zend_hash_key * hash_key , void * pData"		2189020	3					
ANR	2189094	Parameter	HashTable * target_ht	120:48:3832:3851	2189020	0	True				
ANR	2189095	ParameterType	HashTable *		2189020	0					
ANR	2189096	Identifier	target_ht		2189020	1					
ANR	2189097	Parameter	php_dir_entry * new_per_dir_entry	120:70:3854:3885	2189020	1	True				
ANR	2189098	ParameterType	php_dir_entry *		2189020	0					
ANR	2189099	Identifier	new_per_dir_entry		2189020	1					
ANR	2189100	Parameter	zend_hash_key * hash_key	120:104:3888:3910	2189020	2	True				
ANR	2189101	ParameterType	zend_hash_key *		2189020	0					
ANR	2189102	Identifier	hash_key		2189020	1					
ANR	2189103	Parameter	void * pData	120:129:3913:3923	2189020	3	True				
ANR	2189104	ParameterType	void *		2189020	0					
ANR	2189105	Identifier	pData		2189020	1					
ANR	2189106	CFGEntryNode	ENTRY		2189020		True				
ANR	2189107	CFGExitNode	EXIT		2189020		True				
ANR	2189108	Symbol	& orig_per_dir_entry		2189020						
ANR	2189109	Symbol	new_per_dir_entry -> status		2189020						
ANR	2189110	Symbol	new_per_dir_entry		2189020						
ANR	2189111	Symbol	stderr		2189020						
ANR	2189112	Symbol	orig_per_dir_entry		2189020						
ANR	2189113	Symbol	FAILURE		2189020						
ANR	2189114	Symbol	* new_per_dir_entry		2189020						
ANR	2189115	Symbol	pData		2189020						
ANR	2189116	Symbol	* hash_key		2189020						
ANR	2189117	Symbol	orig_per_dir_entry -> status		2189020						
ANR	2189118	Symbol	zend_hash_find		2189020						
ANR	2189119	Symbol	* orig_per_dir_entry		2189020						
ANR	2189120	Symbol	hash_key		2189020						
ANR	2189121	Symbol	target_ht		2189020						
ANR	2189122	Symbol	hash_key -> nKeyLength		2189020						
ANR	2189123	Symbol	hash_key -> arKey		2189020						
ANR	2189124	Function	merge_php_config	138:0:4403:5624							
ANR	2189125	FunctionDef	"merge_php_config (apr_pool_t * p , void * base_conf , void * new_conf)"		2189124	0					
ANR	2189126	CompoundStatement		139:0:4474:5624	2189124	0					
ANR	2189127	IdentifierDeclStatement	"php_conf_rec * d = base_conf , * e = new_conf , * n = NULL ;"	140:1:4477:4530	2189124	0	True				
ANR	2189128	IdentifierDecl	* d = base_conf		2189124	0					
ANR	2189129	IdentifierDeclType	php_conf_rec *		2189124	0					
ANR	2189130	Identifier	d		2189124	1					
ANR	2189131	AssignmentExpression	* d = base_conf		2189124	2		=			
ANR	2189132	Identifier	base_conf		2189124	0					
ANR	2189133	Identifier	base_conf		2189124	1					
ANR	2189134	IdentifierDecl	* e = new_conf		2189124	1					
ANR	2189135	IdentifierDeclType	php_conf_rec *		2189124	0					
ANR	2189136	Identifier	e		2189124	1					
ANR	2189137	AssignmentExpression	* e = new_conf		2189124	2		=			
ANR	2189138	Identifier	new_conf		2189124	0					
ANR	2189139	Identifier	new_conf		2189124	1					
ANR	2189140	IdentifierDecl	* n = NULL		2189124	2					
ANR	2189141	IdentifierDeclType	php_conf_rec *		2189124	0					
ANR	2189142	Identifier	n		2189124	1					
ANR	2189143	AssignmentExpression	* n = NULL		2189124	2		=			
ANR	2189144	Identifier	NULL		2189124	0					
ANR	2189145	Identifier	NULL		2189124	1					
ANR	2189146	IdentifierDeclStatement	php_dir_entry * pe ;	142:1:4544:4561	2189124	1	True				
ANR	2189147	IdentifierDecl	* pe		2189124	0					
ANR	2189148	IdentifierDeclType	php_dir_entry *		2189124	0					
ANR	2189149	Identifier	pe		2189124	1					
ANR	2189150	IdentifierDeclStatement	php_dir_entry * data ;	143:1:4564:4583	2189124	2	True				
ANR	2189151	IdentifierDecl	* data		2189124	0					
ANR	2189152	IdentifierDeclType	php_dir_entry *		2189124	0					
ANR	2189153	Identifier	data		2189124	1					
ANR	2189154	IdentifierDeclStatement	char * str ;	144:1:4586:4595	2189124	3	True				
ANR	2189155	IdentifierDecl	* str		2189124	0					
ANR	2189156	IdentifierDeclType	char *		2189124	0					
ANR	2189157	Identifier	str		2189124	1					
ANR	2189158	IdentifierDeclStatement	uint str_len ;	145:1:4598:4610	2189124	4	True				
ANR	2189159	IdentifierDecl	str_len		2189124	0					
ANR	2189160	IdentifierDeclType	uint		2189124	0					
ANR	2189161	Identifier	str_len		2189124	1					
ANR	2189162	IdentifierDeclStatement	ulong num_index ;	146:1:4613:4628	2189124	5	True				
ANR	2189163	IdentifierDecl	num_index		2189124	0					
ANR	2189164	IdentifierDeclType	ulong		2189124	0					
ANR	2189165	Identifier	num_index		2189124	1					
ANR	2189166	ExpressionStatement	"n = create_php_config ( p , ""merge_php_config"" )"	149:1:4639:4683	2189124	6	True				
ANR	2189167	AssignmentExpression	"n = create_php_config ( p , ""merge_php_config"" )"		2189124	0		=			
ANR	2189168	Identifier	n		2189124	0					
ANR	2189169	CallExpression	"create_php_config ( p , ""merge_php_config"" )"		2189124	1					
ANR	2189170	Callee	create_php_config		2189124	0					
ANR	2189171	Identifier	create_php_config		2189124	0					
ANR	2189172	ArgumentList	p		2189124	1					
ANR	2189173	Argument	p		2189124	0					
ANR	2189174	Identifier	p		2189124	0					
ANR	2189175	Argument	"""merge_php_config"""		2189124	1					
ANR	2189176	PrimaryExpression	"""merge_php_config"""		2189124	0					
ANR	2189177	ExpressionStatement	"zend_hash_copy ( & n -> config , & d -> config , NULL , NULL , sizeof ( php_dir_entry ) )"	151:1:4709:4782	2189124	7	True				
ANR	2189178	CallExpression	"zend_hash_copy ( & n -> config , & d -> config , NULL , NULL , sizeof ( php_dir_entry ) )"		2189124	0					
ANR	2189179	Callee	zend_hash_copy		2189124	0					
ANR	2189180	Identifier	zend_hash_copy		2189124	0					
ANR	2189181	ArgumentList	& n -> config		2189124	1					
ANR	2189182	Argument	& n -> config		2189124	0					
ANR	2189183	UnaryOperationExpression	& n -> config		2189124	0					
ANR	2189184	UnaryOperator	&		2189124	0					
ANR	2189185	PtrMemberAccess	n -> config		2189124	1					
ANR	2189186	Identifier	n		2189124	0					
ANR	2189187	Identifier	config		2189124	1					
ANR	2189188	Argument	& d -> config		2189124	1					
ANR	2189189	UnaryOperationExpression	& d -> config		2189124	0					
ANR	2189190	UnaryOperator	&		2189124	0					
ANR	2189191	PtrMemberAccess	d -> config		2189124	1					
ANR	2189192	Identifier	d		2189124	0					
ANR	2189193	Identifier	config		2189124	1					
ANR	2189194	Argument	NULL		2189124	2					
ANR	2189195	Identifier	NULL		2189124	0					
ANR	2189196	Argument	NULL		2189124	3					
ANR	2189197	Identifier	NULL		2189124	0					
ANR	2189198	Argument	sizeof ( php_dir_entry )		2189124	4					
ANR	2189199	SizeofExpression	sizeof ( php_dir_entry )		2189124	0					
ANR	2189200	Sizeof	sizeof		2189124	0					
ANR	2189201	SizeofOperand	php_dir_entry		2189124	1					
ANR	2189202	ExpressionStatement	"phpapdebug ( ( stderr , ""Merge dir (%p)+(%p)=(%p)\\n"" , base_conf , new_conf , n ) )"	153:1:4809:4883	2189124	8	True				
ANR	2189203	CallExpression	"phpapdebug ( ( stderr , ""Merge dir (%p)+(%p)=(%p)\\n"" , base_conf , new_conf , n ) )"		2189124	0					
ANR	2189204	Callee	phpapdebug		2189124	0					
ANR	2189205	Identifier	phpapdebug		2189124	0					
ANR	2189206	ArgumentList	"stderr , ""Merge dir (%p)+(%p)=(%p)\\n"" , base_conf , new_conf , n"		2189124	1					
ANR	2189207	Argument	"stderr , ""Merge dir (%p)+(%p)=(%p)\\n"" , base_conf , new_conf , n"		2189124	0					
ANR	2189208	Expression	"stderr , ""Merge dir (%p)+(%p)=(%p)\\n"" , base_conf , new_conf , n"		2189124	0					
ANR	2189209	Identifier	stderr		2189124	0					
ANR	2189210	Expression	"""Merge dir (%p)+(%p)=(%p)\\n"" , base_conf , new_conf , n"		2189124	1					
ANR	2189211	PrimaryExpression	"""Merge dir (%p)+(%p)=(%p)\\n"""		2189124	0					
ANR	2189212	Expression	"base_conf , new_conf , n"		2189124	1					
ANR	2189213	Identifier	base_conf		2189124	0					
ANR	2189214	Expression	"new_conf , n"		2189124	1					
ANR	2189215	Identifier	new_conf		2189124	0					
ANR	2189216	Identifier	n		2189124	1					
ANR	2189217	ExpressionStatement	"zend_hash_merge_ex ( & n -> config , & e -> config , NULL , sizeof ( php_dir_entry ) , ( merge_checker_func_t ) should_overwrite_per_dir_entry , NULL )"	154:1:4886:5018	2189124	9	True				
ANR	2189218	CallExpression	"zend_hash_merge_ex ( & n -> config , & e -> config , NULL , sizeof ( php_dir_entry ) , ( merge_checker_func_t ) should_overwrite_per_dir_entry , NULL )"		2189124	0					
ANR	2189219	Callee	zend_hash_merge_ex		2189124	0					
ANR	2189220	Identifier	zend_hash_merge_ex		2189124	0					
ANR	2189221	ArgumentList	& n -> config		2189124	1					
ANR	2189222	Argument	& n -> config		2189124	0					
ANR	2189223	UnaryOperationExpression	& n -> config		2189124	0					
ANR	2189224	UnaryOperator	&		2189124	0					
ANR	2189225	PtrMemberAccess	n -> config		2189124	1					
ANR	2189226	Identifier	n		2189124	0					
ANR	2189227	Identifier	config		2189124	1					
ANR	2189228	Argument	& e -> config		2189124	1					
ANR	2189229	UnaryOperationExpression	& e -> config		2189124	0					
ANR	2189230	UnaryOperator	&		2189124	0					
ANR	2189231	PtrMemberAccess	e -> config		2189124	1					
ANR	2189232	Identifier	e		2189124	0					
ANR	2189233	Identifier	config		2189124	1					
ANR	2189234	Argument	NULL		2189124	2					
ANR	2189235	Identifier	NULL		2189124	0					
ANR	2189236	Argument	sizeof ( php_dir_entry )		2189124	3					
ANR	2189237	SizeofExpression	sizeof ( php_dir_entry )		2189124	0					
ANR	2189238	Sizeof	sizeof		2189124	0					
ANR	2189239	SizeofOperand	php_dir_entry		2189124	1					
ANR	2189240	Argument	( merge_checker_func_t ) should_overwrite_per_dir_entry		2189124	4					
ANR	2189241	CastExpression	( merge_checker_func_t ) should_overwrite_per_dir_entry		2189124	0					
ANR	2189242	CastTarget	merge_checker_func_t		2189124	0					
ANR	2189243	Identifier	should_overwrite_per_dir_entry		2189124	1					
ANR	2189244	Argument	NULL		2189124	5					
ANR	2189245	Identifier	NULL		2189124	0					
ANR	2189246	ForStatement	"for ( zend_hash_internal_pointer_reset ( & d -> config ) ; zend_hash_get_current_key_ex ( & d -> config , & str , & str_len , & num_index , 0 , NULL ) == HASH_KEY_IS_STRING ; zend_hash_move_forward ( & d -> config ) )"		2189124	10					
ANR	2189247	ForInit	zend_hash_internal_pointer_reset ( & d -> config ) ;	156:6:5037:5081	2189124	0	True				
ANR	2189248	CallExpression	zend_hash_internal_pointer_reset ( & d -> config )		2189124	0					
ANR	2189249	Callee	zend_hash_internal_pointer_reset		2189124	0					
ANR	2189250	Identifier	zend_hash_internal_pointer_reset		2189124	0					
ANR	2189251	ArgumentList	& d -> config		2189124	1					
ANR	2189252	Argument	& d -> config		2189124	0					
ANR	2189253	UnaryOperationExpression	& d -> config		2189124	0					
ANR	2189254	UnaryOperator	&		2189124	0					
ANR	2189255	PtrMemberAccess	d -> config		2189124	1					
ANR	2189256	Identifier	d		2189124	0					
ANR	2189257	Identifier	config		2189124	1					
ANR	2189258	Condition	"zend_hash_get_current_key_ex ( & d -> config , & str , & str_len , & num_index , 0 , NULL ) == HASH_KEY_IS_STRING"	157:3:5086:5189	2189124	1	True				
ANR	2189259	EqualityExpression	"zend_hash_get_current_key_ex ( & d -> config , & str , & str_len , & num_index , 0 , NULL ) == HASH_KEY_IS_STRING"		2189124	0		==			
ANR	2189260	CallExpression	"zend_hash_get_current_key_ex ( & d -> config , & str , & str_len , & num_index , 0 , NULL )"		2189124	0					
ANR	2189261	Callee	zend_hash_get_current_key_ex		2189124	0					
ANR	2189262	Identifier	zend_hash_get_current_key_ex		2189124	0					
ANR	2189263	ArgumentList	& d -> config		2189124	1					
ANR	2189264	Argument	& d -> config		2189124	0					
ANR	2189265	UnaryOperationExpression	& d -> config		2189124	0					
ANR	2189266	UnaryOperator	&		2189124	0					
ANR	2189267	PtrMemberAccess	d -> config		2189124	1					
ANR	2189268	Identifier	d		2189124	0					
ANR	2189269	Identifier	config		2189124	1					
ANR	2189270	Argument	& str		2189124	1					
ANR	2189271	UnaryOperationExpression	& str		2189124	0					
ANR	2189272	UnaryOperator	&		2189124	0					
ANR	2189273	Identifier	str		2189124	1					
ANR	2189274	Argument	& str_len		2189124	2					
ANR	2189275	UnaryOperationExpression	& str_len		2189124	0					
ANR	2189276	UnaryOperator	&		2189124	0					
ANR	2189277	Identifier	str_len		2189124	1					
ANR	2189278	Argument	& num_index		2189124	3					
ANR	2189279	UnaryOperationExpression	& num_index		2189124	0					
ANR	2189280	UnaryOperator	&		2189124	0					
ANR	2189281	Identifier	num_index		2189124	1					
ANR	2189282	Argument	0		2189124	4					
ANR	2189283	PrimaryExpression	0		2189124	0					
ANR	2189284	Argument	NULL		2189124	5					
ANR	2189285	Identifier	NULL		2189124	0					
ANR	2189286	Identifier	HASH_KEY_IS_STRING		2189124	1					
ANR	2189287	CallExpression	zend_hash_move_forward ( & d -> config )	159:3:5195:5228	2189124	2	True				
ANR	2189288	Callee	zend_hash_move_forward		2189124	0					
ANR	2189289	Identifier	zend_hash_move_forward		2189124	0					
ANR	2189290	ArgumentList	& d -> config		2189124	1					
ANR	2189291	Argument	& d -> config		2189124	0					
ANR	2189292	UnaryOperationExpression	& d -> config		2189124	0					
ANR	2189293	UnaryOperator	&		2189124	0					
ANR	2189294	PtrMemberAccess	d -> config		2189124	1					
ANR	2189295	Identifier	d		2189124	0					
ANR	2189296	Identifier	config		2189124	1					
ANR	2189297	CompoundStatement		21:39:756:756	2189124	3					
ANR	2189298	ExpressionStatement	pe = NULL	160:2:5235:5244	2189124	0	True				
ANR	2189299	AssignmentExpression	pe = NULL		2189124	0		=			
ANR	2189300	Identifier	pe		2189124	0					
ANR	2189301	Identifier	NULL		2189124	1					
ANR	2189302	ExpressionStatement	"zend_hash_get_current_data ( & d -> config , ( void * * ) & data )"	161:2:5248:5303	2189124	1	True				
ANR	2189303	CallExpression	"zend_hash_get_current_data ( & d -> config , ( void * * ) & data )"		2189124	0					
ANR	2189304	Callee	zend_hash_get_current_data		2189124	0					
ANR	2189305	Identifier	zend_hash_get_current_data		2189124	0					
ANR	2189306	ArgumentList	& d -> config		2189124	1					
ANR	2189307	Argument	& d -> config		2189124	0					
ANR	2189308	UnaryOperationExpression	& d -> config		2189124	0					
ANR	2189309	UnaryOperator	&		2189124	0					
ANR	2189310	PtrMemberAccess	d -> config		2189124	1					
ANR	2189311	Identifier	d		2189124	0					
ANR	2189312	Identifier	config		2189124	1					
ANR	2189313	Argument	( void * * ) & data		2189124	1					
ANR	2189314	CastExpression	( void * * ) & data		2189124	0					
ANR	2189315	CastTarget	void * *		2189124	0					
ANR	2189316	UnaryOperationExpression	& data		2189124	1					
ANR	2189317	UnaryOperator	&		2189124	0					
ANR	2189318	Identifier	data		2189124	1					
ANR	2189319	IfStatement	"if ( zend_hash_find ( & n -> config , str , str_len , ( void * * ) & pe ) == SUCCESS )"		2189124	2					
ANR	2189320	Condition	"zend_hash_find ( & n -> config , str , str_len , ( void * * ) & pe ) == SUCCESS"	162:6:5311:5376	2189124	0	True				
ANR	2189321	EqualityExpression	"zend_hash_find ( & n -> config , str , str_len , ( void * * ) & pe ) == SUCCESS"		2189124	0		==			
ANR	2189322	CallExpression	"zend_hash_find ( & n -> config , str , str_len , ( void * * ) & pe )"		2189124	0					
ANR	2189323	Callee	zend_hash_find		2189124	0					
ANR	2189324	Identifier	zend_hash_find		2189124	0					
ANR	2189325	ArgumentList	& n -> config		2189124	1					
ANR	2189326	Argument	& n -> config		2189124	0					
ANR	2189327	UnaryOperationExpression	& n -> config		2189124	0					
ANR	2189328	UnaryOperator	&		2189124	0					
ANR	2189329	PtrMemberAccess	n -> config		2189124	1					
ANR	2189330	Identifier	n		2189124	0					
ANR	2189331	Identifier	config		2189124	1					
ANR	2189332	Argument	str		2189124	1					
ANR	2189333	Identifier	str		2189124	0					
ANR	2189334	Argument	str_len		2189124	2					
ANR	2189335	Identifier	str_len		2189124	0					
ANR	2189336	Argument	( void * * ) & pe		2189124	3					
ANR	2189337	CastExpression	( void * * ) & pe		2189124	0					
ANR	2189338	CastTarget	void * *		2189124	0					
ANR	2189339	UnaryOperationExpression	& pe		2189124	1					
ANR	2189340	UnaryOperator	&		2189124	0					
ANR	2189341	Identifier	pe		2189124	1					
ANR	2189342	Identifier	SUCCESS		2189124	1					
ANR	2189343	CompoundStatement		24:74:904:904	2189124	1					
ANR	2189344	IfStatement	if ( pe -> status >= data -> status )		2189124	0					
ANR	2189345	Condition	pe -> status >= data -> status	163:7:5388:5413	2189124	0	True				
ANR	2189346	RelationalExpression	pe -> status >= data -> status		2189124	0		>=			
ANR	2189347	PtrMemberAccess	pe -> status		2189124	0					
ANR	2189348	Identifier	pe		2189124	0					
ANR	2189349	Identifier	status		2189124	1					
ANR	2189350	PtrMemberAccess	data -> status		2189124	1					
ANR	2189351	Identifier	data		2189124	0					
ANR	2189352	Identifier	status		2189124	1					
ANR	2189353	ContinueStatement	continue ;	163:35:5416:5424	2189124	1	True				
ANR	2189354	ExpressionStatement	"phpapdebug ( ( stderr , ""ADDING/OVERWRITING %s (%d vs. %d)\\n"" , str , data -> status , pe ? pe -> status : - 1 ) )"	165:2:5432:5528	2189124	3	True				
ANR	2189355	CallExpression	"phpapdebug ( ( stderr , ""ADDING/OVERWRITING %s (%d vs. %d)\\n"" , str , data -> status , pe ? pe -> status : - 1 ) )"		2189124	0					
ANR	2189356	Callee	phpapdebug		2189124	0					
ANR	2189357	Identifier	phpapdebug		2189124	0					
ANR	2189358	ArgumentList	"stderr , ""ADDING/OVERWRITING %s (%d vs. %d)\\n"" , str , data -> status , pe ? pe -> status : - 1"		2189124	1					
ANR	2189359	Argument	"stderr , ""ADDING/OVERWRITING %s (%d vs. %d)\\n"" , str , data -> status , pe ? pe -> status : - 1"		2189124	0					
ANR	2189360	Expression	"stderr , ""ADDING/OVERWRITING %s (%d vs. %d)\\n"" , str , data -> status , pe ? pe -> status : - 1"		2189124	0					
ANR	2189361	Identifier	stderr		2189124	0					
ANR	2189362	Expression	"""ADDING/OVERWRITING %s (%d vs. %d)\\n"" , str , data -> status , pe ? pe -> status : - 1"		2189124	1					
ANR	2189363	PrimaryExpression	"""ADDING/OVERWRITING %s (%d vs. %d)\\n"""		2189124	0					
ANR	2189364	Expression	"str , data -> status , pe ? pe -> status : - 1"		2189124	1					
ANR	2189365	Identifier	str		2189124	0					
ANR	2189366	Expression	"data -> status , pe ? pe -> status : - 1"		2189124	1					
ANR	2189367	PtrMemberAccess	data -> status		2189124	0					
ANR	2189368	Identifier	data		2189124	0					
ANR	2189369	Identifier	status		2189124	1					
ANR	2189370	ConditionalExpression	pe ? pe -> status : - 1		2189124	1					
ANR	2189371	Condition	pe		2189124	0					
ANR	2189372	Identifier	pe		2189124	0					
ANR	2189373	PtrMemberAccess	pe -> status		2189124	1					
ANR	2189374	Identifier	pe		2189124	0					
ANR	2189375	Identifier	status		2189124	1					
ANR	2189376	UnaryOperationExpression	- 1		2189124	2					
ANR	2189377	UnaryOperator	-		2189124	0					
ANR	2189378	PrimaryExpression	1		2189124	1					
ANR	2189379	ExpressionStatement	"zend_hash_update ( & n -> config , str , str_len , data , sizeof ( * data ) , NULL )"	166:2:5532:5601	2189124	4	True				
ANR	2189380	CallExpression	"zend_hash_update ( & n -> config , str , str_len , data , sizeof ( * data ) , NULL )"		2189124	0					
ANR	2189381	Callee	zend_hash_update		2189124	0					
ANR	2189382	Identifier	zend_hash_update		2189124	0					
ANR	2189383	ArgumentList	& n -> config		2189124	1					
ANR	2189384	Argument	& n -> config		2189124	0					
ANR	2189385	UnaryOperationExpression	& n -> config		2189124	0					
ANR	2189386	UnaryOperator	&		2189124	0					
ANR	2189387	PtrMemberAccess	n -> config		2189124	1					
ANR	2189388	Identifier	n		2189124	0					
ANR	2189389	Identifier	config		2189124	1					
ANR	2189390	Argument	str		2189124	1					
ANR	2189391	Identifier	str		2189124	0					
ANR	2189392	Argument	str_len		2189124	2					
ANR	2189393	Identifier	str_len		2189124	0					
ANR	2189394	Argument	data		2189124	3					
ANR	2189395	Identifier	data		2189124	0					
ANR	2189396	Argument	sizeof ( * data )		2189124	4					
ANR	2189397	SizeofExpression	sizeof ( * data )		2189124	0					
ANR	2189398	Sizeof	sizeof		2189124	0					
ANR	2189399	UnaryOperationExpression	* data		2189124	1					
ANR	2189400	UnaryOperator	*		2189124	0					
ANR	2189401	Identifier	data		2189124	1					
ANR	2189402	Argument	NULL		2189124	5					
ANR	2189403	Identifier	NULL		2189124	0					
ANR	2189404	ReturnStatement	return n ;	169:1:5614:5622	2189124	11	True				
ANR	2189405	Identifier	n		2189124	0					
ANR	2189406	ReturnType	void *		2189124	1					
ANR	2189407	Identifier	merge_php_config		2189124	2					
ANR	2189408	ParameterList	"apr_pool_t * p , void * base_conf , void * new_conf"		2189124	3					
ANR	2189409	Parameter	apr_pool_t * p	138:23:4426:4438	2189124	0	True				
ANR	2189410	ParameterType	apr_pool_t *		2189124	0					
ANR	2189411	Identifier	p		2189124	1					
ANR	2189412	Parameter	void * base_conf	138:38:4441:4455	2189124	1	True				
ANR	2189413	ParameterType	void *		2189124	0					
ANR	2189414	Identifier	base_conf		2189124	1					
ANR	2189415	Parameter	void * new_conf	138:55:4458:4471	2189124	2	True				
ANR	2189416	ParameterType	void *		2189124	0					
ANR	2189417	Identifier	new_conf		2189124	1					
ANR	2189418	CFGEntryNode	ENTRY		2189124		True				
ANR	2189419	CFGExitNode	EXIT		2189124		True				
ANR	2189420	Symbol	data		2189124						
ANR	2189421	Symbol	HASH_KEY_IS_STRING		2189124						
ANR	2189422	Symbol	data -> status		2189124						
ANR	2189423	Symbol	& num_index		2189124						
ANR	2189424	Symbol	& str		2189124						
ANR	2189425	Symbol	pe -> status		2189124						
ANR	2189426	Symbol	zend_hash_find		2189124						
ANR	2189427	Symbol	& n -> config		2189124						
ANR	2189428	Symbol	str_len		2189124						
ANR	2189429	Symbol	& d -> config		2189124						
ANR	2189430	Symbol	base_conf		2189124						
ANR	2189431	Symbol	NULL		2189124						
ANR	2189432	Symbol	SUCCESS		2189124						
ANR	2189433	Symbol	d		2189124						
ANR	2189434	Symbol	e		2189124						
ANR	2189435	Symbol	zend_hash_get_current_key_ex		2189124						
ANR	2189436	Symbol	stderr		2189124						
ANR	2189437	Symbol	& str_len		2189124						
ANR	2189438	Symbol	n		2189124						
ANR	2189439	Symbol	& data		2189124						
ANR	2189440	Symbol	should_overwrite_per_dir_entry		2189124						
ANR	2189441	Symbol	p		2189124						
ANR	2189442	Symbol	str		2189124						
ANR	2189443	Symbol	new_conf		2189124						
ANR	2189444	Symbol	pe		2189124						
ANR	2189445	Symbol	num_index		2189124						
ANR	2189446	Symbol	* pe		2189124						
ANR	2189447	Symbol	create_php_config		2189124						
ANR	2189448	Symbol	& e -> config		2189124						
ANR	2189449	Symbol	* data		2189124						
ANR	2189450	Symbol	& pe		2189124						
ANR	2189451	Function	get_php_config	172:0:5627:5851							
ANR	2189452	FunctionDef	"get_php_config (void * conf , char * name , size_t name_len)"		2189451	0					
ANR	2189453	CompoundStatement		173:0:5689:5851	2189451	0					
ANR	2189454	IdentifierDeclStatement	php_conf_rec * d = conf ;	174:1:5692:5714	2189451	0	True				
ANR	2189455	IdentifierDecl	* d = conf		2189451	0					
ANR	2189456	IdentifierDeclType	php_conf_rec *		2189451	0					
ANR	2189457	Identifier	d		2189451	1					
ANR	2189458	AssignmentExpression	* d = conf		2189451	2		=			
ANR	2189459	Identifier	conf		2189451	0					
ANR	2189460	Identifier	conf		2189451	1					
ANR	2189461	IdentifierDeclStatement	php_dir_entry * pe ;	175:1:5717:5734	2189451	1	True				
ANR	2189462	IdentifierDecl	* pe		2189451	0					
ANR	2189463	IdentifierDeclType	php_dir_entry *		2189451	0					
ANR	2189464	Identifier	pe		2189451	1					
ANR	2189465	IfStatement	"if ( zend_hash_find ( & d -> config , name , name_len , ( void * * ) & pe ) == SUCCESS )"		2189451	2					
ANR	2189466	Condition	"zend_hash_find ( & d -> config , name , name_len , ( void * * ) & pe ) == SUCCESS"	177:5:5743:5810	2189451	0	True				
ANR	2189467	EqualityExpression	"zend_hash_find ( & d -> config , name , name_len , ( void * * ) & pe ) == SUCCESS"		2189451	0		==			
ANR	2189468	CallExpression	"zend_hash_find ( & d -> config , name , name_len , ( void * * ) & pe )"		2189451	0					
ANR	2189469	Callee	zend_hash_find		2189451	0					
ANR	2189470	Identifier	zend_hash_find		2189451	0					
ANR	2189471	ArgumentList	& d -> config		2189451	1					
ANR	2189472	Argument	& d -> config		2189451	0					
ANR	2189473	UnaryOperationExpression	& d -> config		2189451	0					
ANR	2189474	UnaryOperator	&		2189451	0					
ANR	2189475	PtrMemberAccess	d -> config		2189451	1					
ANR	2189476	Identifier	d		2189451	0					
ANR	2189477	Identifier	config		2189451	1					
ANR	2189478	Argument	name		2189451	1					
ANR	2189479	Identifier	name		2189451	0					
ANR	2189480	Argument	name_len		2189451	2					
ANR	2189481	Identifier	name_len		2189451	0					
ANR	2189482	Argument	( void * * ) & pe		2189451	3					
ANR	2189483	CastExpression	( void * * ) & pe		2189451	0					
ANR	2189484	CastTarget	void * *		2189451	0					
ANR	2189485	UnaryOperationExpression	& pe		2189451	1					
ANR	2189486	UnaryOperator	&		2189451	0					
ANR	2189487	Identifier	pe		2189451	1					
ANR	2189488	Identifier	SUCCESS		2189451	1					
ANR	2189489	CompoundStatement		5:75:123:123	2189451	1					
ANR	2189490	ReturnStatement	return pe -> value ;	178:2:5817:5833	2189451	0	True				
ANR	2189491	PtrMemberAccess	pe -> value		2189451	0					
ANR	2189492	Identifier	pe		2189451	0					
ANR	2189493	Identifier	value		2189451	1					
ANR	2189494	ReturnStatement	"return """" ;"	181:1:5840:5849	2189451	3	True				
ANR	2189495	PrimaryExpression	""""""		2189451	0					
ANR	2189496	ReturnType	char *		2189451	1					
ANR	2189497	Identifier	get_php_config		2189451	2					
ANR	2189498	ParameterList	"void * conf , char * name , size_t name_len"		2189451	3					
ANR	2189499	Parameter	void * conf	172:21:5648:5657	2189451	0	True				
ANR	2189500	ParameterType	void *		2189451	0					
ANR	2189501	Identifier	conf		2189451	1					
ANR	2189502	Parameter	char * name	172:33:5660:5669	2189451	1	True				
ANR	2189503	ParameterType	char *		2189451	0					
ANR	2189504	Identifier	name		2189451	1					
ANR	2189505	Parameter	size_t name_len	172:45:5672:5686	2189451	2	True				
ANR	2189506	ParameterType	size_t		2189451	0					
ANR	2189507	Identifier	name_len		2189451	1					
ANR	2189508	CFGEntryNode	ENTRY		2189451		True				
ANR	2189509	CFGExitNode	EXIT		2189451		True				
ANR	2189510	Symbol	zend_hash_find		2189451						
ANR	2189511	Symbol	SUCCESS		2189451						
ANR	2189512	Symbol	d		2189451						
ANR	2189513	Symbol	pe		2189451						
ANR	2189514	Symbol	name		2189451						
ANR	2189515	Symbol	* pe		2189451						
ANR	2189516	Symbol	& d -> config		2189451						
ANR	2189517	Symbol	pe -> value		2189451						
ANR	2189518	Symbol	conf		2189451						
ANR	2189519	Symbol	name_len		2189451						
ANR	2189520	Symbol	& pe		2189451						
ANR	2189521	Function	apply_config	184:0:5854:6516							
ANR	2189522	FunctionDef	apply_config (void * dummy)		2189521	0					
ANR	2189523	CompoundStatement		185:0:5885:6516	2189521	0					
ANR	2189524	IdentifierDeclStatement	php_conf_rec * d = dummy ;	186:1:5888:5911	2189521	0	True				
ANR	2189525	IdentifierDecl	* d = dummy		2189521	0					
ANR	2189526	IdentifierDeclType	php_conf_rec *		2189521	0					
ANR	2189527	Identifier	d		2189521	1					
ANR	2189528	AssignmentExpression	* d = dummy		2189521	2		=			
ANR	2189529	Identifier	dummy		2189521	0					
ANR	2189530	Identifier	dummy		2189521	1					
ANR	2189531	IdentifierDeclStatement	char * str ;	187:1:5914:5923	2189521	1	True				
ANR	2189532	IdentifierDecl	* str		2189521	0					
ANR	2189533	IdentifierDeclType	char *		2189521	0					
ANR	2189534	Identifier	str		2189521	1					
ANR	2189535	IdentifierDeclStatement	uint str_len ;	188:1:5926:5938	2189521	2	True				
ANR	2189536	IdentifierDecl	str_len		2189521	0					
ANR	2189537	IdentifierDeclType	uint		2189521	0					
ANR	2189538	Identifier	str_len		2189521	1					
ANR	2189539	IdentifierDeclStatement	php_dir_entry * data ;	189:1:5941:5960	2189521	3	True				
ANR	2189540	IdentifierDecl	* data		2189521	0					
ANR	2189541	IdentifierDeclType	php_dir_entry *		2189521	0					
ANR	2189542	Identifier	data		2189521	1					
ANR	2189543	ForStatement	"for ( zend_hash_internal_pointer_reset ( & d -> config ) ; zend_hash_get_current_key_ex ( & d -> config , & str , & str_len , NULL , 0 , NULL ) == HASH_KEY_IS_STRING ; zend_hash_move_forward ( & d -> config ) )"		2189521	4					
ANR	2189544	ForInit	zend_hash_internal_pointer_reset ( & d -> config ) ;	191:6:5970:6014	2189521	0	True				
ANR	2189545	CallExpression	zend_hash_internal_pointer_reset ( & d -> config )		2189521	0					
ANR	2189546	Callee	zend_hash_internal_pointer_reset		2189521	0					
ANR	2189547	Identifier	zend_hash_internal_pointer_reset		2189521	0					
ANR	2189548	ArgumentList	& d -> config		2189521	1					
ANR	2189549	Argument	& d -> config		2189521	0					
ANR	2189550	UnaryOperationExpression	& d -> config		2189521	0					
ANR	2189551	UnaryOperator	&		2189521	0					
ANR	2189552	PtrMemberAccess	d -> config		2189521	1					
ANR	2189553	Identifier	d		2189521	0					
ANR	2189554	Identifier	config		2189521	1					
ANR	2189555	Condition	"zend_hash_get_current_key_ex ( & d -> config , & str , & str_len , NULL , 0 , NULL ) == HASH_KEY_IS_STRING"	192:3:6019:6116	2189521	1	True				
ANR	2189556	EqualityExpression	"zend_hash_get_current_key_ex ( & d -> config , & str , & str_len , NULL , 0 , NULL ) == HASH_KEY_IS_STRING"		2189521	0		==			
ANR	2189557	CallExpression	"zend_hash_get_current_key_ex ( & d -> config , & str , & str_len , NULL , 0 , NULL )"		2189521	0					
ANR	2189558	Callee	zend_hash_get_current_key_ex		2189521	0					
ANR	2189559	Identifier	zend_hash_get_current_key_ex		2189521	0					
ANR	2189560	ArgumentList	& d -> config		2189521	1					
ANR	2189561	Argument	& d -> config		2189521	0					
ANR	2189562	UnaryOperationExpression	& d -> config		2189521	0					
ANR	2189563	UnaryOperator	&		2189521	0					
ANR	2189564	PtrMemberAccess	d -> config		2189521	1					
ANR	2189565	Identifier	d		2189521	0					
ANR	2189566	Identifier	config		2189521	1					
ANR	2189567	Argument	& str		2189521	1					
ANR	2189568	UnaryOperationExpression	& str		2189521	0					
ANR	2189569	UnaryOperator	&		2189521	0					
ANR	2189570	Identifier	str		2189521	1					
ANR	2189571	Argument	& str_len		2189521	2					
ANR	2189572	UnaryOperationExpression	& str_len		2189521	0					
ANR	2189573	UnaryOperator	&		2189521	0					
ANR	2189574	Identifier	str_len		2189521	1					
ANR	2189575	Argument	NULL		2189521	3					
ANR	2189576	Identifier	NULL		2189521	0					
ANR	2189577	Argument	0		2189521	4					
ANR	2189578	PrimaryExpression	0		2189521	0					
ANR	2189579	Argument	NULL		2189521	5					
ANR	2189580	Identifier	NULL		2189521	0					
ANR	2189581	Identifier	HASH_KEY_IS_STRING		2189521	1					
ANR	2189582	CallExpression	zend_hash_move_forward ( & d -> config )	194:3:6122:6155	2189521	2	True				
ANR	2189583	Callee	zend_hash_move_forward		2189521	0					
ANR	2189584	Identifier	zend_hash_move_forward		2189521	0					
ANR	2189585	ArgumentList	& d -> config		2189521	1					
ANR	2189586	Argument	& d -> config		2189521	0					
ANR	2189587	UnaryOperationExpression	& d -> config		2189521	0					
ANR	2189588	UnaryOperator	&		2189521	0					
ANR	2189589	PtrMemberAccess	d -> config		2189521	1					
ANR	2189590	Identifier	d		2189521	0					
ANR	2189591	Identifier	config		2189521	1					
ANR	2189592	CompoundStatement		10:39:272:272	2189521	3					
ANR	2189593	IfStatement	"if ( zend_hash_get_current_data ( & d -> config , ( void * * ) & data ) == SUCCESS )"		2189521	0					
ANR	2189594	Condition	"zend_hash_get_current_data ( & d -> config , ( void * * ) & data ) == SUCCESS"	195:6:6166:6231	2189521	0	True				
ANR	2189595	EqualityExpression	"zend_hash_get_current_data ( & d -> config , ( void * * ) & data ) == SUCCESS"		2189521	0		==			
ANR	2189596	CallExpression	"zend_hash_get_current_data ( & d -> config , ( void * * ) & data )"		2189521	0					
ANR	2189597	Callee	zend_hash_get_current_data		2189521	0					
ANR	2189598	Identifier	zend_hash_get_current_data		2189521	0					
ANR	2189599	ArgumentList	& d -> config		2189521	1					
ANR	2189600	Argument	& d -> config		2189521	0					
ANR	2189601	UnaryOperationExpression	& d -> config		2189521	0					
ANR	2189602	UnaryOperator	&		2189521	0					
ANR	2189603	PtrMemberAccess	d -> config		2189521	1					
ANR	2189604	Identifier	d		2189521	0					
ANR	2189605	Identifier	config		2189521	1					
ANR	2189606	Argument	( void * * ) & data		2189521	1					
ANR	2189607	CastExpression	( void * * ) & data		2189521	0					
ANR	2189608	CastTarget	void * *		2189521	0					
ANR	2189609	UnaryOperationExpression	& data		2189521	1					
ANR	2189610	UnaryOperator	&		2189521	0					
ANR	2189611	Identifier	data		2189521	1					
ANR	2189612	Identifier	SUCCESS		2189521	1					
ANR	2189613	CompoundStatement		11:74:348:348	2189521	1					
ANR	2189614	ExpressionStatement	"phpapdebug ( ( stderr , ""APPLYING (%s)(%s)\\n"" , str , data -> value ) )"	196:3:6239:6300	2189521	0	True				
ANR	2189615	CallExpression	"phpapdebug ( ( stderr , ""APPLYING (%s)(%s)\\n"" , str , data -> value ) )"		2189521	0					
ANR	2189616	Callee	phpapdebug		2189521	0					
ANR	2189617	Identifier	phpapdebug		2189521	0					
ANR	2189618	ArgumentList	"stderr , ""APPLYING (%s)(%s)\\n"" , str , data -> value"		2189521	1					
ANR	2189619	Argument	"stderr , ""APPLYING (%s)(%s)\\n"" , str , data -> value"		2189521	0					
ANR	2189620	Expression	"stderr , ""APPLYING (%s)(%s)\\n"" , str , data -> value"		2189521	0					
ANR	2189621	Identifier	stderr		2189521	0					
ANR	2189622	Expression	"""APPLYING (%s)(%s)\\n"" , str , data -> value"		2189521	1					
ANR	2189623	PrimaryExpression	"""APPLYING (%s)(%s)\\n"""		2189521	0					
ANR	2189624	Expression	"str , data -> value"		2189521	1					
ANR	2189625	Identifier	str		2189521	0					
ANR	2189626	PtrMemberAccess	data -> value		2189521	1					
ANR	2189627	Identifier	data		2189521	0					
ANR	2189628	Identifier	value		2189521	1					
ANR	2189629	IfStatement	"if ( zend_alter_ini_entry ( str , str_len , data -> value , data -> value_len , data -> status , data -> htaccess ? PHP_INI_STAGE_HTACCESS : PHP_INI_STAGE_ACTIVATE ) == FAILURE )"		2189521	1					
ANR	2189630	Condition	"zend_alter_ini_entry ( str , str_len , data -> value , data -> value_len , data -> status , data -> htaccess ? PHP_INI_STAGE_HTACCESS : PHP_INI_STAGE_ACTIVATE ) == FAILURE"	197:7:6309:6459	2189521	0	True				
ANR	2189631	EqualityExpression	"zend_alter_ini_entry ( str , str_len , data -> value , data -> value_len , data -> status , data -> htaccess ? PHP_INI_STAGE_HTACCESS : PHP_INI_STAGE_ACTIVATE ) == FAILURE"		2189521	0		==			
ANR	2189632	CallExpression	"zend_alter_ini_entry ( str , str_len , data -> value , data -> value_len , data -> status , data -> htaccess ? PHP_INI_STAGE_HTACCESS : PHP_INI_STAGE_ACTIVATE )"		2189521	0					
ANR	2189633	Callee	zend_alter_ini_entry		2189521	0					
ANR	2189634	Identifier	zend_alter_ini_entry		2189521	0					
ANR	2189635	ArgumentList	str		2189521	1					
ANR	2189636	Argument	str		2189521	0					
ANR	2189637	Identifier	str		2189521	0					
ANR	2189638	Argument	str_len		2189521	1					
ANR	2189639	Identifier	str_len		2189521	0					
ANR	2189640	Argument	data -> value		2189521	2					
ANR	2189641	PtrMemberAccess	data -> value		2189521	0					
ANR	2189642	Identifier	data		2189521	0					
ANR	2189643	Identifier	value		2189521	1					
ANR	2189644	Argument	data -> value_len		2189521	3					
ANR	2189645	PtrMemberAccess	data -> value_len		2189521	0					
ANR	2189646	Identifier	data		2189521	0					
ANR	2189647	Identifier	value_len		2189521	1					
ANR	2189648	Argument	data -> status		2189521	4					
ANR	2189649	PtrMemberAccess	data -> status		2189521	0					
ANR	2189650	Identifier	data		2189521	0					
ANR	2189651	Identifier	status		2189521	1					
ANR	2189652	Argument	data -> htaccess ? PHP_INI_STAGE_HTACCESS : PHP_INI_STAGE_ACTIVATE		2189521	5					
ANR	2189653	ConditionalExpression	data -> htaccess ? PHP_INI_STAGE_HTACCESS : PHP_INI_STAGE_ACTIVATE		2189521	0					
ANR	2189654	Condition	data -> htaccess		2189521	0					
ANR	2189655	PtrMemberAccess	data -> htaccess		2189521	0					
ANR	2189656	Identifier	data		2189521	0					
ANR	2189657	Identifier	htaccess		2189521	1					
ANR	2189658	Identifier	PHP_INI_STAGE_HTACCESS		2189521	1					
ANR	2189659	Identifier	PHP_INI_STAGE_ACTIVATE		2189521	2					
ANR	2189660	Identifier	FAILURE		2189521	1					
ANR	2189661	CompoundStatement		13:160:576:576	2189521	1					
ANR	2189662	ExpressionStatement	"phpapdebug ( ( stderr , ""..FAILED\\n"" ) )"	198:4:6468:6502	2189521	0	True				
ANR	2189663	CallExpression	"phpapdebug ( ( stderr , ""..FAILED\\n"" ) )"		2189521	0					
ANR	2189664	Callee	phpapdebug		2189521	0					
ANR	2189665	Identifier	phpapdebug		2189521	0					
ANR	2189666	ArgumentList	"stderr , ""..FAILED\\n"""		2189521	1					
ANR	2189667	Argument	"stderr , ""..FAILED\\n"""		2189521	0					
ANR	2189668	Expression	"stderr , ""..FAILED\\n"""		2189521	0					
ANR	2189669	Identifier	stderr		2189521	0					
ANR	2189670	PrimaryExpression	"""..FAILED\\n"""		2189521	1					
ANR	2189671	ReturnType	void		2189521	1					
ANR	2189672	Identifier	apply_config		2189521	2					
ANR	2189673	ParameterList	void * dummy		2189521	3					
ANR	2189674	Parameter	void * dummy	184:18:5872:5882	2189521	0	True				
ANR	2189675	ParameterType	void *		2189521	0					
ANR	2189676	Identifier	dummy		2189521	1					
ANR	2189677	CFGEntryNode	ENTRY		2189521		True				
ANR	2189678	CFGExitNode	EXIT		2189521		True				
ANR	2189679	Symbol	NULL		2189521						
ANR	2189680	Symbol	SUCCESS		2189521						
ANR	2189681	Symbol	d		2189521						
ANR	2189682	Symbol	data		2189521						
ANR	2189683	Symbol	PHP_INI_STAGE_HTACCESS		2189521						
ANR	2189684	Symbol	data -> value		2189521						
ANR	2189685	Symbol	zend_hash_get_current_key_ex		2189521						
ANR	2189686	Symbol	HASH_KEY_IS_STRING		2189521						
ANR	2189687	Symbol	data -> status		2189521						
ANR	2189688	Symbol	stderr		2189521						
ANR	2189689	Symbol	data -> value_len		2189521						
ANR	2189690	Symbol	& str_len		2189521						
ANR	2189691	Symbol	FAILURE		2189521						
ANR	2189692	Symbol	& data		2189521						
ANR	2189693	Symbol	dummy		2189521						
ANR	2189694	Symbol	str		2189521						
ANR	2189695	Symbol	& str		2189521						
ANR	2189696	Symbol	zend_hash_get_current_data		2189521						
ANR	2189697	Symbol	str_len		2189521						
ANR	2189698	Symbol	zend_alter_ini_entry		2189521						
ANR	2189699	Symbol	& d -> config		2189521						
ANR	2189700	Symbol	PHP_INI_STAGE_ACTIVATE		2189521						
ANR	2189701	Symbol	* data		2189521						
ANR	2189702	Symbol	data -> htaccess		2189521						
ANR	2189703	DeclStmt									
ANR	2189704	Decl							const command_rec	const command_rec [ ]	php_dir_cmds
ANR	2189705	Function	destroy_php_config	214:0:7114:7303							
ANR	2189706	FunctionDef	destroy_php_config (void * data)		2189705	0					
ANR	2189707	CompoundStatement		215:0:7165:7303	2189705	0					
ANR	2189708	IdentifierDeclStatement	php_conf_rec * d = data ;	216:1:7168:7190	2189705	0	True				
ANR	2189709	IdentifierDecl	* d = data		2189705	0					
ANR	2189710	IdentifierDeclType	php_conf_rec *		2189705	0					
ANR	2189711	Identifier	d		2189705	1					
ANR	2189712	AssignmentExpression	* d = data		2189705	2		=			
ANR	2189713	Identifier	data		2189705	0					
ANR	2189714	Identifier	data		2189705	1					
ANR	2189715	ExpressionStatement	"phpapdebug ( ( stderr , ""Destroying config %p\\n"" , data ) )"	218:1:7194:7246	2189705	1	True				
ANR	2189716	CallExpression	"phpapdebug ( ( stderr , ""Destroying config %p\\n"" , data ) )"		2189705	0					
ANR	2189717	Callee	phpapdebug		2189705	0					
ANR	2189718	Identifier	phpapdebug		2189705	0					
ANR	2189719	ArgumentList	"stderr , ""Destroying config %p\\n"" , data"		2189705	1					
ANR	2189720	Argument	"stderr , ""Destroying config %p\\n"" , data"		2189705	0					
ANR	2189721	Expression	"stderr , ""Destroying config %p\\n"" , data"		2189705	0					
ANR	2189722	Identifier	stderr		2189705	0					
ANR	2189723	Expression	"""Destroying config %p\\n"" , data"		2189705	1					
ANR	2189724	PrimaryExpression	"""Destroying config %p\\n"""		2189705	0					
ANR	2189725	Identifier	data		2189705	1					
ANR	2189726	ExpressionStatement	zend_hash_destroy ( & d -> config )	219:1:7250:7279	2189705	2	True				
ANR	2189727	CallExpression	zend_hash_destroy ( & d -> config )		2189705	0					
ANR	2189728	Callee	zend_hash_destroy		2189705	0					
ANR	2189729	Identifier	zend_hash_destroy		2189705	0					
ANR	2189730	ArgumentList	& d -> config		2189705	1					
ANR	2189731	Argument	& d -> config		2189705	0					
ANR	2189732	UnaryOperationExpression	& d -> config		2189705	0					
ANR	2189733	UnaryOperator	&		2189705	0					
ANR	2189734	PtrMemberAccess	d -> config		2189705	1					
ANR	2189735	Identifier	d		2189705	0					
ANR	2189736	Identifier	config		2189705	1					
ANR	2189737	ReturnStatement	return APR_SUCCESS ;	221:1:7283:7301	2189705	3	True				
ANR	2189738	Identifier	APR_SUCCESS		2189705	0					
ANR	2189739	ReturnType	static apr_status_t		2189705	1					
ANR	2189740	Identifier	destroy_php_config		2189705	2					
ANR	2189741	ParameterList	void * data		2189705	3					
ANR	2189742	Parameter	void * data	214:39:7153:7162	2189705	0	True				
ANR	2189743	ParameterType	void *		2189705	0					
ANR	2189744	Identifier	data		2189705	1					
ANR	2189745	CFGEntryNode	ENTRY		2189705		True				
ANR	2189746	CFGExitNode	EXIT		2189705		True				
ANR	2189747	Symbol	data		2189705						
ANR	2189748	Symbol	d		2189705						
ANR	2189749	Symbol	APR_SUCCESS		2189705						
ANR	2189750	Symbol	& d -> config		2189705						
ANR	2189751	Symbol	stderr		2189705						
ANR	2189752	Function	create_php_config	224:0:7306:7657							
ANR	2189753	FunctionDef	"create_php_config (apr_pool_t * p , char * dummy)"		2189752	0					
ANR	2189754	CompoundStatement		225:0:7358:7657	2189752	0					
ANR	2189755	IdentifierDeclStatement	"php_conf_rec * newx = ( php_conf_rec * ) apr_pcalloc ( p , sizeof ( * newx ) ) ;"	226:1:7361:7428	2189752	0	True				
ANR	2189756	IdentifierDecl	"* newx = ( php_conf_rec * ) apr_pcalloc ( p , sizeof ( * newx ) )"		2189752	0					
ANR	2189757	IdentifierDeclType	php_conf_rec *		2189752	0					
ANR	2189758	Identifier	newx		2189752	1					
ANR	2189759	AssignmentExpression	"* newx = ( php_conf_rec * ) apr_pcalloc ( p , sizeof ( * newx ) )"		2189752	2		=			
ANR	2189760	Identifier	newx		2189752	0					
ANR	2189761	CastExpression	"( php_conf_rec * ) apr_pcalloc ( p , sizeof ( * newx ) )"		2189752	1					
ANR	2189762	CastTarget	php_conf_rec *		2189752	0					
ANR	2189763	CallExpression	"apr_pcalloc ( p , sizeof ( * newx ) )"		2189752	1					
ANR	2189764	Callee	apr_pcalloc		2189752	0					
ANR	2189765	Identifier	apr_pcalloc		2189752	0					
ANR	2189766	ArgumentList	p		2189752	1					
ANR	2189767	Argument	p		2189752	0					
ANR	2189768	Identifier	p		2189752	0					
ANR	2189769	Argument	sizeof ( * newx )		2189752	1					
ANR	2189770	SizeofExpression	sizeof ( * newx )		2189752	0					
ANR	2189771	Sizeof	sizeof		2189752	0					
ANR	2189772	UnaryOperationExpression	* newx		2189752	1					
ANR	2189773	UnaryOperator	*		2189752	0					
ANR	2189774	Identifier	newx		2189752	1					
ANR	2189775	ExpressionStatement	"phpapdebug ( ( stderr , ""Creating new config (%p) for %s\\n"" , newx , dummy ) )"	228:1:7432:7502	2189752	1	True				
ANR	2189776	CallExpression	"phpapdebug ( ( stderr , ""Creating new config (%p) for %s\\n"" , newx , dummy ) )"		2189752	0					
ANR	2189777	Callee	phpapdebug		2189752	0					
ANR	2189778	Identifier	phpapdebug		2189752	0					
ANR	2189779	ArgumentList	"stderr , ""Creating new config (%p) for %s\\n"" , newx , dummy"		2189752	1					
ANR	2189780	Argument	"stderr , ""Creating new config (%p) for %s\\n"" , newx , dummy"		2189752	0					
ANR	2189781	Expression	"stderr , ""Creating new config (%p) for %s\\n"" , newx , dummy"		2189752	0					
ANR	2189782	Identifier	stderr		2189752	0					
ANR	2189783	Expression	"""Creating new config (%p) for %s\\n"" , newx , dummy"		2189752	1					
ANR	2189784	PrimaryExpression	"""Creating new config (%p) for %s\\n"""		2189752	0					
ANR	2189785	Expression	"newx , dummy"		2189752	1					
ANR	2189786	Identifier	newx		2189752	0					
ANR	2189787	Identifier	dummy		2189752	1					
ANR	2189788	ExpressionStatement	"zend_hash_init ( & newx -> config , 0 , NULL , NULL , 1 )"	229:1:7505:7552	2189752	2	True				
ANR	2189789	CallExpression	"zend_hash_init ( & newx -> config , 0 , NULL , NULL , 1 )"		2189752	0					
ANR	2189790	Callee	zend_hash_init		2189752	0					
ANR	2189791	Identifier	zend_hash_init		2189752	0					
ANR	2189792	ArgumentList	& newx -> config		2189752	1					
ANR	2189793	Argument	& newx -> config		2189752	0					
ANR	2189794	UnaryOperationExpression	& newx -> config		2189752	0					
ANR	2189795	UnaryOperator	&		2189752	0					
ANR	2189796	PtrMemberAccess	newx -> config		2189752	1					
ANR	2189797	Identifier	newx		2189752	0					
ANR	2189798	Identifier	config		2189752	1					
ANR	2189799	Argument	0		2189752	1					
ANR	2189800	PrimaryExpression	0		2189752	0					
ANR	2189801	Argument	NULL		2189752	2					
ANR	2189802	Identifier	NULL		2189752	0					
ANR	2189803	Argument	NULL		2189752	3					
ANR	2189804	Identifier	NULL		2189752	0					
ANR	2189805	Argument	1		2189752	4					
ANR	2189806	PrimaryExpression	1		2189752	0					
ANR	2189807	ExpressionStatement	"apr_pool_cleanup_register ( p , newx , destroy_php_config , apr_pool_cleanup_null )"	230:1:7555:7632	2189752	3	True				
ANR	2189808	CallExpression	"apr_pool_cleanup_register ( p , newx , destroy_php_config , apr_pool_cleanup_null )"		2189752	0					
ANR	2189809	Callee	apr_pool_cleanup_register		2189752	0					
ANR	2189810	Identifier	apr_pool_cleanup_register		2189752	0					
ANR	2189811	ArgumentList	p		2189752	1					
ANR	2189812	Argument	p		2189752	0					
ANR	2189813	Identifier	p		2189752	0					
ANR	2189814	Argument	newx		2189752	1					
ANR	2189815	Identifier	newx		2189752	0					
ANR	2189816	Argument	destroy_php_config		2189752	2					
ANR	2189817	Identifier	destroy_php_config		2189752	0					
ANR	2189818	Argument	apr_pool_cleanup_null		2189752	3					
ANR	2189819	Identifier	apr_pool_cleanup_null		2189752	0					
ANR	2189820	ReturnStatement	return ( void * ) newx ;	231:1:7635:7655	2189752	4	True				
ANR	2189821	CastExpression	( void * ) newx		2189752	0					
ANR	2189822	CastTarget	void *		2189752	0					
ANR	2189823	Identifier	newx		2189752	1					
ANR	2189824	ReturnType	void *		2189752	1					
ANR	2189825	Identifier	create_php_config		2189752	2					
ANR	2189826	ParameterList	"apr_pool_t * p , char * dummy"		2189752	3					
ANR	2189827	Parameter	apr_pool_t * p	224:24:7330:7342	2189752	0	True				
ANR	2189828	ParameterType	apr_pool_t *		2189752	0					
ANR	2189829	Identifier	p		2189752	1					
ANR	2189830	Parameter	char * dummy	224:39:7345:7355	2189752	1	True				
ANR	2189831	ParameterType	char *		2189752	0					
ANR	2189832	Identifier	dummy		2189752	1					
ANR	2189833	CFGEntryNode	ENTRY		2189752		True				
ANR	2189834	CFGExitNode	EXIT		2189752		True				
ANR	2189835	Symbol	p		2189752						
ANR	2189836	Symbol	dummy		2189752						
ANR	2189837	Symbol	destroy_php_config		2189752						
ANR	2189838	Symbol	apr_pcalloc		2189752						
ANR	2189839	Symbol	NULL		2189752						
ANR	2189840	Symbol	newx		2189752						
ANR	2189841	Symbol	* newx		2189752						
ANR	2189842	Symbol	stderr		2189752						
ANR	2189843	Symbol	& newx -> config		2189752						
ANR	2189844	Symbol	apr_pool_cleanup_null		2189752						
