start	end	type	var
679897	679898	IS_AST_PARENT	
679896	679897	IS_AST_PARENT	
679902	679903	IS_AST_PARENT	
679901	679902	IS_AST_PARENT	
679905	679906	IS_AST_PARENT	
679904	679905	IS_AST_PARENT	
679901	679904	IS_AST_PARENT	
679900	679901	IS_AST_PARENT	
679899	679900	IS_AST_PARENT	
679909	679910	IS_AST_PARENT	
679908	679909	IS_AST_PARENT	
679912	679913	IS_AST_PARENT	
679911	679912	IS_AST_PARENT	
679908	679911	IS_AST_PARENT	
679907	679908	IS_AST_PARENT	
679899	679907	IS_AST_PARENT	
679916	679917	IS_AST_PARENT	
679915	679916	IS_AST_PARENT	
679922	679923	IS_AST_PARENT	
679922	679924	IS_AST_PARENT	
679921	679922	IS_AST_PARENT	
679920	679921	IS_AST_PARENT	
679920	679925	IS_AST_PARENT	
679919	679920	IS_AST_PARENT	
679918	679919	IS_AST_PARENT	
679915	679918	IS_AST_PARENT	
679914	679915	IS_AST_PARENT	
679899	679914	IS_AST_PARENT	
679896	679899	IS_AST_PARENT	
679895	679896	IS_AST_PARENT	
679894	679895	IS_AST_PARENT	
679894	679926	IS_AST_PARENT	
679894	679927	IS_AST_PARENT	
679929	679930	IS_AST_PARENT	
679929	679931	IS_AST_PARENT	
679928	679929	IS_AST_PARENT	
679932	679933	IS_AST_PARENT	
679932	679934	IS_AST_PARENT	
679928	679932	IS_AST_PARENT	
679894	679928	IS_AST_PARENT	
679935	679929	FLOWS_TO	
679929	679932	FLOWS_TO	
679932	679897	FLOWS_TO	
679897	679900	FLOWS_TO	
679897	679936	FLOWS_TO	
679900	679907	FLOWS_TO	
679907	679914	FLOWS_TO	
679914	679936	FLOWS_TO	
679929	679937	DEF	
679914	679938	USE	
679919	679938	USE	
679914	679939	USE	
679919	679939	USE	
679932	679940	DEF	
679897	679940	USE	
679900	679940	USE	
679905	679940	USE	
679907	679940	USE	
679912	679940	USE	
679914	679940	USE	
679922	679940	USE	
679932	679897	REACHES	targetScreen
679932	679900	REACHES	targetScreen
679932	679907	REACHES	targetScreen
679932	679914	REACHES	targetScreen
679935	679929	CONTROLS	
679935	679932	CONTROLS	
679935	679897	CONTROLS	
679897	679900	CONTROLS	
679897	679907	CONTROLS	
679897	679914	CONTROLS	
679900	679907	DOM	
679907	679914	DOM	
679935	679929	DOM	
679935	679935	DOM	
679932	679897	DOM	
679897	679936	DOM	
679897	679900	DOM	
679929	679932	DOM	
679914	679907	POST_DOM	
679936	679914	POST_DOM	
679932	679929	POST_DOM	
679929	679935	POST_DOM	
679936	679936	POST_DOM	
679936	679897	POST_DOM	
679907	679900	POST_DOM	
679897	679932	POST_DOM	
679893	679894	IS_FUNCTION_OF_AST	
679893	679935	IS_FUNCTION_OF_CFG	
679892	679893	IS_FILE_OF	
679942	679943	IS_AST_PARENT	
679942	679944	IS_AST_PARENT	
679942	679945	IS_AST_PARENT	
679946	679947	FLOWS_TO	
679946	679946	DOM	
679946	679947	DOM	
679947	679946	POST_DOM	
679947	679947	POST_DOM	
679941	679942	IS_FUNCTION_OF_AST	
679941	679946	IS_FUNCTION_OF_CFG	
679892	679941	IS_FILE_OF	
679953	679954	IS_AST_PARENT	
679953	679955	IS_AST_PARENT	
679952	679953	IS_AST_PARENT	
679951	679952	IS_AST_PARENT	
679956	679957	IS_AST_PARENT	
679951	679956	IS_AST_PARENT	
679950	679951	IS_AST_PARENT	
679959	679960	IS_AST_PARENT	
679959	679961	IS_AST_PARENT	
679958	679959	IS_AST_PARENT	
679950	679958	IS_AST_PARENT	
679964	679965	IS_AST_PARENT	
679963	679964	IS_AST_PARENT	
679967	679968	IS_AST_PARENT	
679966	679967	IS_AST_PARENT	
679963	679966	IS_AST_PARENT	
679962	679963	IS_AST_PARENT	
679950	679962	IS_AST_PARENT	
679949	679950	IS_AST_PARENT	
679949	679969	IS_AST_PARENT	
679949	679970	IS_AST_PARENT	
679972	679973	IS_AST_PARENT	
679972	679974	IS_AST_PARENT	
679971	679972	IS_AST_PARENT	
679949	679971	IS_AST_PARENT	
679975	679972	FLOWS_TO	
679972	679952	FLOWS_TO	
679952	679957	FLOWS_TO	
679952	679958	FLOWS_TO	
679957	679976	FLOWS_TO	
679958	679962	FLOWS_TO	
679962	679976	FLOWS_TO	
679972	679977	DEF	
679952	679977	USE	
679958	679977	USE	
679959	679977	USE	
679962	679977	USE	
679967	679977	USE	
679952	679978	USE	
679958	679978	DEF	
679959	679978	DEF	
679972	679952	REACHES	screen
679972	679958	REACHES	screen
679972	679962	REACHES	screen
679975	679972	CONTROLS	
679975	679952	CONTROLS	
679952	679957	CONTROLS	
679952	679958	CONTROLS	
679952	679962	CONTROLS	
679975	679972	DOM	
679952	679958	DOM	
679952	679976	DOM	
679972	679952	DOM	
679958	679962	DOM	
679952	679957	DOM	
679975	679975	DOM	
679952	679972	POST_DOM	
679962	679958	POST_DOM	
679976	679976	POST_DOM	
679976	679952	POST_DOM	
679976	679962	POST_DOM	
679976	679957	POST_DOM	
679972	679975	POST_DOM	
679948	679949	IS_FUNCTION_OF_AST	
679948	679975	IS_FUNCTION_OF_CFG	
679892	679948	IS_FILE_OF	
679982	679983	IS_AST_PARENT	
679981	679982	IS_AST_PARENT	
679980	679981	IS_AST_PARENT	
679980	679984	IS_AST_PARENT	
679980	679985	IS_AST_PARENT	
679980	679986	IS_AST_PARENT	
679987	679982	FLOWS_TO	
679982	679988	FLOWS_TO	
679982	679989	USE	
679987	679982	CONTROLS	
679987	679987	DOM	
679987	679982	DOM	
679982	679988	DOM	
679982	679987	POST_DOM	
679988	679982	POST_DOM	
679988	679988	POST_DOM	
679979	679980	IS_FUNCTION_OF_AST	
679979	679987	IS_FUNCTION_OF_CFG	
679892	679979	IS_FILE_OF	
